@ /home/liuhaoyu/code/rnd_1/cofs/SQL/S4_PORP_NH2_H_H_H_H-L2_207_CHO_H_H-SQL_A-AA.sa Unitcell_volume: 3166.16   Density: 0.75814   ASA_A^2: 444.908 ASA_m^2/cm^3: 1405.2 ASA_m^2/g: 1853.48 NASA_A^2: 0.0329497 NASA_m^2/cm^3: 0.104068 NASA_m^2/g: 0.137268
Number_of_channels: 2 Channel_surface_area_A^2: 223.655  221.253  
Number_of_pockets: 8 Pocket_surface_area_A^2: 0.0329497  0  0  0  0  0  0  0  
