@ /home/liuhaoyu/code/rnd_1/cofs/301/T3_301_NH2_EPO_H_H-L2_201_CHO_H_H-HCB_A-AA.sa Unitcell_volume: 3883.94   Density: 0.4135   ASA_A^2: 608.273 ASA_m^2/cm^3: 1566.13 ASA_m^2/g: 3787.49 NASA_A^2: 3.95581 NASA_m^2/cm^3: 10.185 NASA_m^2/g: 24.6313
Number_of_channels: 1 Channel_surface_area_A^2: 608.273  
Number_of_pockets: 14 Pocket_surface_area_A^2: 0.105683  0  0.264208  0  0.211366  1.74082  0  0.477567  0.475574  0  0.31705  0  0.363535  0  
