@ /home/liuhaoyu/code/rnd_1/cofs/301/T3_301_NH2_OMe_H_H-L2_202_CHO_H_H-HCB_A-AA.sa Unitcell_volume: 2187.66   Density: 0.455946   ASA_A^2: 406.979 ASA_m^2/cm^3: 1860.34 ASA_m^2/g: 4080.17 NASA_A^2: 0.0528416 NASA_m^2/cm^3: 0.241544 NASA_m^2/g: 0.529764
Number_of_channels: 1 Channel_surface_area_A^2: 406.979  
Number_of_pockets: 5 Pocket_surface_area_A^2: 0  0.0528416  0  0  0  
