@ /home/liuhaoyu/code/rnd_1/cofs/301/T3_301_NH2_CH3_H_H-L2_203_CHO_H_H-HCB_A-AA.sa Unitcell_volume: 3802.27   Density: 0.353226   ASA_A^2: 619.925 ASA_m^2/cm^3: 1630.41 ASA_m^2/g: 4615.76 NASA_A^2: 0.481798 NASA_m^2/cm^3: 1.26713 NASA_m^2/g: 3.58731
Number_of_channels: 1 Channel_surface_area_A^2: 619.925  
Number_of_pockets: 7 Pocket_surface_area_A^2: 0.0528416  0  0  0.098849  0  0  0.330107  
