@ /home/liuhaoyu/code/rnd_1/cofs/301/T3_301_NH2_CH3_H_H-L2_213_CHO_H_H-HCB_A-AA.sa Unitcell_volume: 3090.59   Density: 0.387829   ASA_A^2: 512.482 ASA_m^2/cm^3: 1658.2 ASA_m^2/g: 4275.58 NASA_A^2: 3.27647 NASA_m^2/cm^3: 10.6014 NASA_m^2/g: 27.3352
Number_of_channels: 1 Channel_surface_area_A^2: 512.482  
Number_of_pockets: 10 Pocket_surface_area_A^2: 0.105683  0.31705  0.211366  0.105683  0.298056  0.528416  0.0528416  0.634099  0.422733  0.600539  
