@ /home/liuhaoyu/code/rnd_1/cofs/301/T3_301_NH2_CH3_H_H-L2_208_CHO_H_H-HCB_A-AA.sa Unitcell_volume: 3802.27   Density: 0.345418   ASA_A^2: 613.358 ASA_m^2/cm^3: 1613.14 ASA_m^2/g: 4670.11 NASA_A^2: 0.851689 NASA_m^2/cm^3: 2.23995 NASA_m^2/g: 6.48476
Number_of_channels: 1 Channel_surface_area_A^2: 613.358  
Number_of_pockets: 7 Pocket_surface_area_A^2: 0  0  0  0.46874  0  0  0.382949  
