@ /home/liuhaoyu/code/rnd_1/cofs/301/T3_301_NH2_CH3_H_H-L2_212_CHO_H_H-HCB_A-AA.sa Unitcell_volume: 3821.89   Density: 0.416663   ASA_A^2: 656.077 ASA_m^2/cm^3: 1716.63 ASA_m^2/g: 4119.95 NASA_A^2: 2.06082 NASA_m^2/cm^3: 5.39215 NASA_m^2/g: 12.9413
Number_of_channels: 1 Channel_surface_area_A^2: 656.077  
Number_of_pockets: 13 Pocket_surface_area_A^2: 0  0.0528416  0.158525  0.158525  0  0.211366  0  0.264208  0.475574  0.211366  0.211366  0.31705  0  
