@ /home/liuhaoyu/code/rnd_1/cofs/301/T3_301_NH2_OMe_H_H-L2_210_CHO_H_H-HCB_A-AA.vol Unitcell_volume: 2121.42   Density: 0.472502   AV_A^3: 933.639 AV_Volume_fraction: 0.4401 AV_cm^3/g: 0.931424 NAV_A^3: 0.084857 NAV_Volume_fraction: 4e-05 NAV_cm^3/g: 8.46557e-05
Number_of_channels: 1 Channel_volume_A^3: 933.639  
Number_of_pockets: 5 Pocket_volume_A^3: 0  0  0  0.0424285  0.0424285  
