@ /home/liuhaoyu/code/rnd_1/cofs/301/T3_301_NH2_EPO_H_H-L2_204_CHO-HCB_A-AA.vol Unitcell_volume: 1197.59   Density: 0.54965   AV_A^3: 396.857 AV_Volume_fraction: 0.33138 AV_cm^3/g: 0.602893 NAV_A^3: 0.0239518 NAV_Volume_fraction: 2e-05 NAV_cm^3/g: 3.63868e-05
Number_of_channels: 1 Channel_volume_A^3: 396.857  
Number_of_pockets: 2 Pocket_volume_A^3: 0.0239518  0  
