@ /home/liuhaoyu/code/rnd_1/cofs/301/T3_301_NH2_CH3_H_H-L2_216_CHO_H_H-HCB_A-AA.sa Unitcell_volume: 2142.19   Density: 0.445417   ASA_A^2: 423.15 ASA_m^2/cm^3: 1975.32 ASA_m^2/g: 4434.76 NASA_A^2: 1.74316 NASA_m^2/cm^3: 8.1373 NASA_m^2/g: 18.269
Number_of_channels: 1 Channel_surface_area_A^2: 423.15  
Number_of_pockets: 7 Pocket_surface_area_A^2: 0  0.264208  0  0.264208  0.31705  0.290323  0.607373  
