@ /home/liuhaoyu/code/rnd_1/cofs/301/T3_301_NH2_OMe_H_H-L2_212_CHO_H_H-HCB_A-AA.vol Unitcell_volume: 3784.85   Density: 0.434779   AV_A^3: 1892.88 AV_Volume_fraction: 0.50012 AV_cm^3/g: 1.15029 NAV_A^3: 0.151394 NAV_Volume_fraction: 4e-05 NAV_cm^3/g: 9.20008e-05
Number_of_channels: 1 Channel_volume_A^3: 1892.88  
Number_of_pockets: 11 Pocket_volume_A^3: 0  0  0  0  0  0  0.075697  0.075697  0  0  0  
