@ /home/liuhaoyu/code/rnd_1/cofs/301/T3_301_NH2_OMe_H_H-L2_217_CHO_H_H-HCB_A-AA.sa Unitcell_volume: 3784.85   Density: 0.395317   ASA_A^2: 613.27 ASA_m^2/cm^3: 1620.33 ASA_m^2/g: 4098.81 NASA_A^2: 1.42672 NASA_m^2/cm^3: 3.76956 NASA_m^2/g: 9.53555
Number_of_channels: 1 Channel_surface_area_A^2: 613.27  
Number_of_pockets: 11 Pocket_surface_area_A^2: 0  0.158525  0.211366  0.105683  0  0.105683  0.158525  0.158525  0.105683  0.158525  0.264208  
