@ /home/liuhaoyu/code/rnd_1/cofs/301/T3_301_NH2_OMe_H_H-L2_210_CHO_H_H-HCB_A-AA.sa Unitcell_volume: 2121.42   Density: 0.472502   ASA_A^2: 405.781 ASA_m^2/cm^3: 1912.78 ASA_m^2/g: 4048.19 NASA_A^2: 0.581257 NASA_m^2/cm^3: 2.73994 NASA_m^2/g: 5.79879
Number_of_channels: 1 Channel_surface_area_A^2: 405.781  
Number_of_pockets: 5 Pocket_surface_area_A^2: 0  0.158525  0.0528416  0.158525  0.211366  
