@ /home/liuhaoyu/code/rnd_1/cofs/301/T3_301_NH2_EPO_H_H-L2_213_CHO_H_H-HCB_A-AA.vol Unitcell_volume: 3131.61   Density: 0.412455   AV_A^3: 1598.62 AV_Volume_fraction: 0.51048 AV_cm^3/g: 1.23766 NAV_A^3: 0.375793 NAV_Volume_fraction: 0.00012 NAV_cm^3/g: 0.000290941
Number_of_channels: 1 Channel_volume_A^3: 1598.62  
Number_of_pockets: 10 Pocket_volume_A^3: 0  0.0626322  0.125264  0  0.0626322  0  0  0.0626322  0  0.0626322  
