@ /home/liuhaoyu/code/rnd_1/cofs/301/T3_301_NH2_EPO_H_H-L2_212_CHO_H_H-HCB_A-AA.vol Unitcell_volume: 3872.61   Density: 0.435227   AV_A^3: 1920.58 AV_Volume_fraction: 0.49594 AV_cm^3/g: 1.1395 NAV_A^3: 0.387261 NAV_Volume_fraction: 0.0001 NAV_cm^3/g: 0.000229765
Number_of_channels: 1 Channel_volume_A^3: 1920.58  
Number_of_pockets: 13 Pocket_volume_A^3: 0  0.0774522  0  0  0  0  0  0.0774522  0.0774522  0.0774522  0  0.0774522  0  
