@ /home/liuhaoyu/code/rnd_1/cofs/301/T3_301_NH2_EPO_H_H-L2_202_CHO_H_H-HCB_A-AA.sa Unitcell_volume: 2238.39   Density: 0.463434   ASA_A^2: 428.309 ASA_m^2/cm^3: 1913.47 ASA_m^2/g: 4128.9 NASA_A^2: 1.75951 NASA_m^2/cm^3: 7.86061 NASA_m^2/g: 16.9616
Number_of_channels: 1 Channel_surface_area_A^2: 428.309  
Number_of_pockets: 7 Pocket_surface_area_A^2: 0.211366  0.211366  0.0528416  0.264208  0.158525  0.398339  0.462862  
