@ /home/liuhaoyu/code/rnd_1/cofs/301/T3_301_NH2_CH3_H_H-L2_213_CHO_H_H-HCB_A-AA.vol Unitcell_volume: 3090.59   Density: 0.387829   AV_A^3: 1606.24 AV_Volume_fraction: 0.51972 AV_cm^3/g: 1.34007 NAV_A^3: 0.0618119 NAV_Volume_fraction: 2e-05 NAV_cm^3/g: 5.15691e-05
Number_of_channels: 1 Channel_volume_A^3: 1606.24  
Number_of_pockets: 10 Pocket_volume_A^3: 0  0.0618119  0  0  0  0  0  0  0  0  
