@ /home/liuhaoyu/code/rnd_1/cofs/301/T3_301_NH2_CH3_H_H-L2_211_CHO_H_H-HCB_A-AA.vol Unitcell_volume: 2142.19   Density: 0.575849   AV_A^3: 793.251 AV_Volume_fraction: 0.3703 AV_cm^3/g: 0.643051 NAV_A^3: 0.128531 NAV_Volume_fraction: 6e-05 NAV_cm^3/g: 0.000104194
Number_of_channels: 1 Channel_volume_A^3: 793.251  
Number_of_pockets: 7 Pocket_volume_A^3: 0  0  0  0.0428437  0.0428437  0.0428437  0  
