@ /home/liuhaoyu/code/rnd_1/cofs/301/T3_301_NH2_EPO_H_H-L2_209_CHO_H_H-HCB_A-AA.vol Unitcell_volume: 3912.3   Density: 0.423222   AV_A^3: 1993.24 AV_Volume_fraction: 0.50948 AV_cm^3/g: 1.20381 NAV_A^3: 0.0782461 NAV_Volume_fraction: 2e-05 NAV_cm^3/g: 4.72565e-05
Number_of_channels: 1 Channel_volume_A^3: 1993.24  
Number_of_pockets: 16 Pocket_volume_A^3: 0  0  0  0  0  0  0  0  0  0  0  0  0.0782461  0  0  0  
