@ /home/liuhaoyu/code/rnd_1/cofs/301/T3_301_NH2_EPO_H_H-L2_211_CHO_H_H-HCB_A-AA.sa Unitcell_volume: 2170.61   Density: 0.611163   ASA_A^2: 433.779 ASA_m^2/cm^3: 1998.42 ASA_m^2/g: 3269.86 NASA_A^2: 4.18339 NASA_m^2/cm^3: 19.2728 NASA_m^2/g: 31.5347
Number_of_channels: 1 Channel_surface_area_A^2: 433.779  
Number_of_pockets: 9 Pocket_surface_area_A^2: 0.105683  0.475574  0.211366  0.310693  0.692027  0.369891  1.03959  0.369891  0.608675  
