@ /home/liuhaoyu/code/rnd_1/cofs/301/T3_301_NH2_OMe_H_H-L2_214_CHO_H_H-HCB_A-AA.vol Unitcell_volume: 2121.42   Density: 0.474822   AV_A^3: 949.337 AV_Volume_fraction: 0.4475 AV_cm^3/g: 0.942458 NAV_A^3: 0.169714 NAV_Volume_fraction: 8e-05 NAV_cm^3/g: 0.000168484
Number_of_channels: 1 Channel_volume_A^3: 949.337  
Number_of_pockets: 5 Pocket_volume_A^3: 0  0  0  0.084857  0.084857  
