@ /home/liuhaoyu/code/rnd_1/cofs/301/T3_301_NH2_OMe_H_H-L2_205_CHO_H_H-HCB_A-AA.sa Unitcell_volume: 2884.12   Density: 0.43231   ASA_A^2: 512.206 ASA_m^2/cm^3: 1775.95 ASA_m^2/g: 4108.04 NASA_A^2: 0.105683 NASA_m^2/cm^3: 0.366431 NASA_m^2/g: 0.847611
Number_of_channels: 1 Channel_surface_area_A^2: 512.206  
Number_of_pockets: 8 Pocket_surface_area_A^2: 0  0.0528416  0  0  0  0  0.0528416  0  
