@ /home/liuhaoyu/code/rnd_1/cofs/301/T3_301_NH2_EPO_H_H-L2_201_CHO_H_H-HCB_A-AA.vol Unitcell_volume: 3883.94   Density: 0.4135   AV_A^3: 2180.52 AV_Volume_fraction: 0.56142 AV_cm^3/g: 1.35773 NAV_A^3: 0.155358 NAV_Volume_fraction: 4e-05 NAV_cm^3/g: 9.67353e-05
Number_of_channels: 1 Channel_volume_A^3: 2180.52  
Number_of_pockets: 14 Pocket_volume_A^3: 0  0  0  0  0  0.0776788  0  0  0.0776788  0  0  0  0  0  
