@ /home/liuhaoyu/code/rnd_1/cofs/301/T3_301_NH2_CH3_H_H-L2_202_CHO_H_H-HCB_A-AA.vol Unitcell_volume: 2209.07   Density: 0.427474   AV_A^3: 1020.59 AV_Volume_fraction: 0.462 AV_cm^3/g: 1.08077 NAV_A^3: 0.0441814 NAV_Volume_fraction: 2e-05 NAV_cm^3/g: 4.67864e-05
Number_of_channels: 1 Channel_volume_A^3: 1020.59  
Number_of_pockets: 7 Pocket_volume_A^3: 0  0  0  0  0  0.0441814  0  
