@ /home/liuhaoyu/code/rnd_1/cofs/301/T3_301_NH2_SO2H_H_H-L2_210_CHO_H_H-HCB_A-AA.sa Unitcell_volume: 1937.89   Density: 0.575586   ASA_A^2: 325.809 ASA_m^2/cm^3: 1681.26 ASA_m^2/g: 2920.95 NASA_A^2: 0.186973 NASA_m^2/cm^3: 0.964831 NASA_m^2/g: 1.67626
Number_of_channels: 1 Channel_surface_area_A^2: 325.809  
Number_of_pockets: 2 Pocket_surface_area_A^2: 0.186973  0  
