@ /home/liuhaoyu/code/rnd_1/cofs/301/T3_301_NH2_NO2_H_H-L2_206_CHO_H_H-HCB_A-AA.sa Unitcell_volume: 2608.18   Density: 0.520138   ASA_A^2: 404.27 ASA_m^2/cm^3: 1550.01 ASA_m^2/g: 2980 NASA_A^2: 0.092971 NASA_m^2/cm^3: 0.356459 NASA_m^2/g: 0.685317
Number_of_channels: 1 Channel_surface_area_A^2: 404.27  
Number_of_pockets: 2 Pocket_surface_area_A^2: 0  0.092971  
