@ /home/liuhaoyu/code/rnd_1/cofs/301/T3_301_NH2_EPO_H_H-L2_216_CHO_H_H-HCB_A-AA.sa Unitcell_volume: 2170.61   Density: 0.482439   ASA_A^2: 424.547 ASA_m^2/cm^3: 1955.88 ASA_m^2/g: 4054.16 NASA_A^2: 3.66919 NASA_m^2/cm^3: 16.9039 NASA_m^2/g: 35.0385
Number_of_channels: 1 Channel_surface_area_A^2: 424.547  
Number_of_pockets: 7 Pocket_surface_area_A^2: 0.105683  0.686941  0.211366  0.845465  1.20471  0.257852  0.357179  
