@ /home/liuhaoyu/code/rnd_1/cofs/301/T3_301_NH2_EPO_H_H-L2_208_CHO_H_H-HCB_A-AA.sa Unitcell_volume: 3852.73   Density: 0.365039   ASA_A^2: 626.034 ASA_m^2/cm^3: 1624.91 ASA_m^2/g: 4451.34 NASA_A^2: 0.984922 NASA_m^2/cm^3: 2.55643 NASA_m^2/g: 7.00318
Number_of_channels: 1 Channel_surface_area_A^2: 626.034  
Number_of_pockets: 9 Pocket_surface_area_A^2: 0.105683  0  0.211366  0.158525  0.152169  0.0528416  0.0528416  0  0.251496  
