@ /home/liuhaoyu/code/rnd_1/cofs/301/T3_301_NH2_EPO_H_H-L2_206_CHO_H_H-HCB_A-AA.sa Unitcell_volume: 2918.5   Density: 0.461465   ASA_A^2: 518.852 ASA_m^2/cm^3: 1777.8 ASA_m^2/g: 3852.53 NASA_A^2: 1.03776 NASA_m^2/cm^3: 3.55581 NASA_m^2/g: 7.7055
Number_of_channels: 1 Channel_surface_area_A^2: 518.852  
Number_of_pockets: 10 Pocket_surface_area_A^2: 0.105683  0  0  0.211366  0.257852  0  0  0  0  0.462862  
