@ /home/liuhaoyu/code/rnd_1/cofs/301/T3_301_NH2_CHO_H_H-L2_206_CHO_H_H-HCB_A-AA.sa Unitcell_volume: 2533.26   Density: 0.51325   ASA_A^2: 395.229 ASA_m^2/cm^3: 1560.16 ASA_m^2/g: 3039.76 NASA_A^2: 0.0528416 NASA_m^2/cm^3: 0.208591 NASA_m^2/g: 0.406412
Number_of_channels: 1 Channel_surface_area_A^2: 395.229  
Number_of_pockets: 2 Pocket_surface_area_A^2: 0.0528416  0  
