@ /home/liuhaoyu/code/rnd_1/cofs/301/T3_301_NH2_SO2H_H_H-L2_214_CHO_H_H-HCB_A-AA.sa Unitcell_volume: 1937.88   Density: 0.578126   ASA_A^2: 332.039 ASA_m^2/cm^3: 1713.41 ASA_m^2/g: 2963.73 NASA_A^2: 0.139457 NASA_m^2/cm^3: 0.719633 NASA_m^2/g: 1.24477
Number_of_channels: 1 Channel_surface_area_A^2: 332.039  
Number_of_pockets: 2 Pocket_surface_area_A^2: 0.139457  0  
