@ /home/liuhaoyu/code/rnd_1/cofs/301/T3_301_NH2_CH3_H_H-L2_202_CHO_H_H-HCB_A-AA.sa Unitcell_volume: 2209.07   Density: 0.427474   ASA_A^2: 414.364 ASA_m^2/cm^3: 1875.74 ASA_m^2/g: 4387.96 NASA_A^2: 0.844855 NASA_m^2/cm^3: 3.82448 NASA_m^2/g: 8.94668
Number_of_channels: 1 Channel_surface_area_A^2: 414.364  
Number_of_pockets: 7 Pocket_surface_area_A^2: 0.0528416  0.105683  0  0.0528416  0.105683  0.18464  0.343165  
