@ /home/liuhaoyu/code/rnd_1/cofs/301/T3_301_NH2_EPO_H_H-L2_202_CHO_H_H-HCB_A-AA.vol Unitcell_volume: 2238.39   Density: 0.463434   AV_A^3: 1002.35 AV_Volume_fraction: 0.4478 AV_cm^3/g: 0.966264 NAV_A^3: 0.179071 NAV_Volume_fraction: 8e-05 NAV_cm^3/g: 0.000172624
Number_of_channels: 1 Channel_volume_A^3: 1002.35  
Number_of_pockets: 7 Pocket_volume_A^3: 0.0447677  0  0  0.0447677  0.0447677  0.0447677  0  
