@ /home/liuhaoyu/code/rnd_1/cofs/301/T3_301_NH2_OMe_H_H-L2_213_CHO_H_H-HCB_A-AA.sa Unitcell_volume: 3060.64   Density: 0.408985   ASA_A^2: 508.776 ASA_m^2/cm^3: 1662.32 ASA_m^2/g: 4064.5 NASA_A^2: 0.792624 NASA_m^2/cm^3: 2.58973 NASA_m^2/g: 6.33209
Number_of_channels: 1 Channel_surface_area_A^2: 508.776  
Number_of_pockets: 8 Pocket_surface_area_A^2: 0  0.158525  0.0528416  0  0.158525  0.0528416  0.211366  0.158525  
