@ /home/liuhaoyu/code/rnd_1/cofs/301/T3_301_NH2_EPO_H_H-L2_214_CHO_H_H-HCB_A-AA.sa Unitcell_volume: 2170.61   Density: 0.482439   ASA_A^2: 415.865 ASA_m^2/cm^3: 1915.89 ASA_m^2/g: 3971.25 NASA_A^2: 5.7941 NASA_m^2/cm^3: 26.6934 NASA_m^2/g: 55.3301
Number_of_channels: 1 Channel_surface_area_A^2: 415.865  
Number_of_pockets: 8 Pocket_surface_area_A^2: 0.105683  0.956065  0.211366  0.963622  1.41034  1.532  0.257852  0.357179  
