@ /home/liuhaoyu/code/rnd_1/cofs/301/T3_301_NH2_SO2H_H_H-L2_202_CHO_H_H-HCB_A-AA.sa Unitcell_volume: 1998.39   Density: 0.555696   ASA_A^2: 332.771 ASA_m^2/cm^3: 1665.19 ASA_m^2/g: 2996.59 NASA_A^2: 0.185942 NASA_m^2/cm^3: 0.930458 NASA_m^2/g: 1.6744
Number_of_channels: 1 Channel_surface_area_A^2: 332.771  
Number_of_pockets: 2 Pocket_surface_area_A^2: 0.185942  0  
