@ /home/liuhaoyu/code/rnd_1/cofs/301/T3_301_NH2_CH3_H_H-L2_212_CHO_H_H-HCB_A-AA.vol Unitcell_volume: 3821.89   Density: 0.416663   AV_A^3: 1923.1 AV_Volume_fraction: 0.50318 AV_cm^3/g: 1.20764 NAV_A^3: 0.229314 NAV_Volume_fraction: 6e-05 NAV_cm^3/g: 0.000144001
Number_of_channels: 1 Channel_volume_A^3: 1923.1  
Number_of_pockets: 13 Pocket_volume_A^3: 0  0  0  0  0  0  0  0.0764379  0.0764379  0.0764379  0  0  0  
