@ /home/liuhaoyu/code/rnd_1/cofs/301/T3_301_NH2_SO2H_H_H-L2_201_CHO_H_H-HCB_A-AA.sa Unitcell_volume: 3467.51   Density: 0.484255   ASA_A^2: 486.687 ASA_m^2/cm^3: 1403.56 ASA_m^2/g: 2898.4 NASA_A^2: 0.0475166 NASA_m^2/cm^3: 0.137034 NASA_m^2/g: 0.282978
Number_of_channels: 1 Channel_surface_area_A^2: 486.687  
Number_of_pockets: 2 Pocket_surface_area_A^2: 0  0.0475166  
