@ /home/liuhaoyu/code/rnd_1/cofs/301/T3_301_NH2_EPO_H_H-L2_207_CHO_H_H-HCB_A-AA.sa Unitcell_volume: 3852.73   Density: 0.3702   ASA_A^2: 636.987 ASA_m^2/cm^3: 1653.34 ASA_m^2/g: 4466.07 NASA_A^2: 0.984922 NASA_m^2/cm^3: 2.55643 NASA_m^2/g: 6.90553
Number_of_channels: 1 Channel_surface_area_A^2: 636.987  
Number_of_pockets: 11 Pocket_surface_area_A^2: 0.105683  0  0.211366  0.158525  0  0.0993271  0  0.158525  0  0  0.251496  
