@ /home/liuhaoyu/code/rnd_1/cofs/301/T3_301_NH2_OMe_H_H-L2_217_CHO_H_H-HCB_A-AA.vol Unitcell_volume: 3784.85   Density: 0.395317   AV_A^3: 2005.29 AV_Volume_fraction: 0.52982 AV_cm^3/g: 1.34024 NAV_A^3: 0.151394 NAV_Volume_fraction: 4e-05 NAV_cm^3/g: 0.000101185
Number_of_channels: 1 Channel_volume_A^3: 2005.29  
Number_of_pockets: 11 Pocket_volume_A^3: 0  0  0  0  0  0  0.075697  0.075697  0  0  0  
