@ /home/liuhaoyu/code/rnd_1/cofs/301/T3_301_NH2_EPO_H_H-L2_210_CHO_H_H-HCB_A-AA.vol Unitcell_volume: 2170.61   Density: 0.480172   AV_A^3: 950.729 AV_Volume_fraction: 0.438 AV_cm^3/g: 0.912174 NAV_A^3: 0.303886 NAV_Volume_fraction: 0.00014 NAV_cm^3/g: 0.000291562
Number_of_channels: 1 Channel_volume_A^3: 950.729  
Number_of_pockets: 8 Pocket_volume_A^3: 0.0434123  0  0  0.0868246  0.0434123  0.0868246  0.0434123  0  
