@ /home/liuhaoyu/code/rnd_1/cofs/301/T3_301_NH2_CH3_H_H-L2_214_CHO_H_H-HCB_A-AA.vol Unitcell_volume: 2142.19   Density: 0.445417   AV_A^3: 987.505 AV_Volume_fraction: 0.46098 AV_cm^3/g: 1.03494 NAV_A^3: 0.214219 NAV_Volume_fraction: 0.0001 NAV_cm^3/g: 0.000224509
Number_of_channels: 1 Channel_volume_A^3: 987.505  
Number_of_pockets: 7 Pocket_volume_A^3: 0  0  0  0.0856874  0.0856874  0.0428437  0  
