@ /home/liuhaoyu/code/rnd_1/cofs/301/T3_301_NH2_EPO_H_H-L2_213_CHO_H_H-HCB_A-AA.sa Unitcell_volume: 3131.61   Density: 0.412455   ASA_A^2: 519.416 ASA_m^2/cm^3: 1658.62 ASA_m^2/g: 4021.35 NASA_A^2: 5.62592 NASA_m^2/cm^3: 17.9649 NASA_m^2/g: 43.5562
Number_of_channels: 1 Channel_surface_area_A^2: 519.416  
Number_of_pockets: 10 Pocket_surface_area_A^2: 0.211366  0.369891  0.369891  0.211366  1.10514  0.470249  0.686941  0.634099  0.422733  1.14424  
