@ /home/liuhaoyu/code/rnd_1/cofs/301/T3_301_NH2_CH3_H_H-L2_210_CHO_H_H-HCB_A-AA.sa Unitcell_volume: 2142.19   Density: 0.443119   ASA_A^2: 413.385 ASA_m^2/cm^3: 1929.74 ASA_m^2/g: 4354.89 NASA_A^2: 2.16057 NASA_m^2/cm^3: 10.0858 NASA_m^2/g: 22.761
Number_of_channels: 1 Channel_surface_area_A^2: 413.385  
Number_of_pockets: 7 Pocket_surface_area_A^2: 0.0528416  0.422733  0.211366  0.264208  0.470249  0.448848  0.290323  
