@ /home/liuhaoyu/code/rnd_1/cofs/301/T3_301_NH2_OMe_H_H-L2_216_CHO_H_H-HCB_A-AA.sa Unitcell_volume: 2121.42   Density: 0.474822   ASA_A^2: 412.976 ASA_m^2/cm^3: 1946.69 ASA_m^2/g: 4099.84 NASA_A^2: 0.475574 NASA_m^2/cm^3: 2.24177 NASA_m^2/g: 4.72128
Number_of_channels: 1 Channel_surface_area_A^2: 412.976  
Number_of_pockets: 5 Pocket_surface_area_A^2: 0  0.158525  0  0.211366  0.105683  
