@ /home/liuhaoyu/code/rnd_1/cofs/301/T3_301_NH2_CH3_H_H-L2_210_CHO_H_H-HCB_A-AA.vol Unitcell_volume: 2142.19   Density: 0.443119   AV_A^3: 969.982 AV_Volume_fraction: 0.4528 AV_cm^3/g: 1.02185 NAV_A^3: 0.128531 NAV_Volume_fraction: 6e-05 NAV_cm^3/g: 0.000135404
Number_of_channels: 1 Channel_volume_A^3: 969.982  
Number_of_pockets: 7 Pocket_volume_A^3: 0  0  0  0.0428437  0.0428437  0.0428437  0  
