@ /home/liuhaoyu/code/rnd_1/cofs/301/T3_301_NH2_NH2_H_H-L2_207_CHO_H_H-HCB_A-AA.sa Unitcell_volume: 2648.2   Density: 0.504696   ASA_A^2: 348.69 ASA_m^2/cm^3: 1316.71 ASA_m^2/g: 2608.91 NASA_A^2: 0.0329497 NASA_m^2/cm^3: 0.124423 NASA_m^2/g: 0.24653
Number_of_channels: 1 Channel_surface_area_A^2: 348.69  
Number_of_pockets: 2 Pocket_surface_area_A^2: 0  0.0329497  
