@ /home/liuhaoyu/code/rnd_1/cofs/301/T3_301_NH2_EPO_H_H-L2_210_CHO_H_H-HCB_A-AA.sa Unitcell_volume: 2170.61   Density: 0.480172   ASA_A^2: 414.066 ASA_m^2/cm^3: 1907.6 ASA_m^2/g: 3972.74 NASA_A^2: 4.12649 NASA_m^2/cm^3: 19.0107 NASA_m^2/g: 39.5915
Number_of_channels: 1 Channel_surface_area_A^2: 414.066  
Number_of_pockets: 8 Pocket_surface_area_A^2: 0.31705  0.528416  0.369891  0.834577  0.581257  0.845465  0.199685  0.45015  
