@ /home/liuhaoyu/code/rnd_1/cofs/301/T3_301_NH2_CH3_H_H-L2_209_CHO_H_H-HCB_A-AA.sa Unitcell_volume: 3861.07   Density: 0.404746   ASA_A^2: 642.183 ASA_m^2/cm^3: 1663.23 ASA_m^2/g: 4109.31 NASA_A^2: 1.87557 NASA_m^2/cm^3: 4.85765 NASA_m^2/g: 12.0017
Number_of_channels: 1 Channel_surface_area_A^2: 642.183  
Number_of_pockets: 16 Pocket_surface_area_A^2: 0  0.105683  0.158525  0.105683  0.105683  0  0.158525  0.105683  0.211366  0.0528416  0.204532  0.211366  0.105683  0.0528416  0.158525  0.138633  
