@ /home/liuhaoyu/code/rnd_1/cofs/301/T3_301_NH2_CH3_H_H-L2_217_CHO_H_H-HCB_A-AA.sa Unitcell_volume: 3821.89   Density: 0.377583   ASA_A^2: 624.474 ASA_m^2/cm^3: 1633.94 ASA_m^2/g: 4327.36 NASA_A^2: 2.43071 NASA_m^2/cm^3: 6.35997 NASA_m^2/g: 16.8439
Number_of_channels: 1 Channel_surface_area_A^2: 624.474  
Number_of_pockets: 13 Pocket_surface_area_A^2: 0  0.31705  0.264208  0.105683  0  0.31705  0  0.422733  0.105683  0.158525  0.264208  0.475574  0  
