@ /home/liuhaoyu/code/rnd_1/cofs/301/T3_301_NH2_EPO_H_H-L2_214_CHO_H_H-HCB_A-AA.vol Unitcell_volume: 2170.61   Density: 0.482439   AV_A^3: 967.963 AV_Volume_fraction: 0.44594 AV_cm^3/g: 0.924345 NAV_A^3: 0.39071 NAV_Volume_fraction: 0.00018 NAV_cm^3/g: 0.000373104
Number_of_channels: 1 Channel_volume_A^3: 967.963  
Number_of_pockets: 8 Pocket_volume_A^3: 0.0434123  0  0  0.0868245  0.0868245  0.130237  0.0434123  0  
