@ /home/liuhaoyu/code/rnd_1/cofs/301/T3_301_NH2_EPO_H_H-L2_204_CHO-HCB_A-AA.sa Unitcell_volume: 1197.59   Density: 0.54965   ASA_A^2: 282.971 ASA_m^2/cm^3: 2362.84 ASA_m^2/g: 4298.81 NASA_A^2: 0.581257 NASA_m^2/cm^3: 4.85356 NASA_m^2/g: 8.83029
Number_of_channels: 1 Channel_surface_area_A^2: 282.971  
Number_of_pockets: 2 Pocket_surface_area_A^2: 0.31705  0.264208  
