@ /home/liuhaoyu/code/rnd_1/cofs/301/T3_301_NH2_EPO_H_H-L2_209_CHO_H_H-HCB_A-AA.sa Unitcell_volume: 3912.3   Density: 0.423222   ASA_A^2: 645.888 ASA_m^2/cm^3: 1650.91 ASA_m^2/g: 3900.83 NASA_A^2: 3.36279 NASA_m^2/cm^3: 8.59543 NASA_m^2/g: 20.3095
Number_of_channels: 1 Channel_surface_area_A^2: 645.888  
Number_of_pockets: 16 Pocket_surface_area_A^2: 0.211366  0.31705  0.105683  0.211366  0.0528416  0.0528416  0.211366  0.158525  0.158525  0.211366  0.304337  0.158525  0.369891  0.264208  0.422733  0.152169  
