@ /home/liuhaoyu/code/rnd_1/cofs/301/T3_301_NH2_NO2_H_H-L2_208_CHO_H_H-HCB_A-AA.sa Unitcell_volume: 3443.08   Density: 0.411325   ASA_A^2: 501.132 ASA_m^2/cm^3: 1455.48 ASA_m^2/g: 3538.51 NASA_A^2: 0.100358 NASA_m^2/cm^3: 0.291478 NASA_m^2/g: 0.708632
Number_of_channels: 1 Channel_surface_area_A^2: 501.132  
Number_of_pockets: 2 Pocket_surface_area_A^2: 0.0528416  0.0475166  
