@ /home/liuhaoyu/code/rnd_1/cofs/301/T3_301_NH2_EPO_H_H-L2_203_CHO_H_H-HCB_A-AA.sa Unitcell_volume: 3852.73   Density: 0.372745   ASA_A^2: 630.227 ASA_m^2/cm^3: 1635.8 ASA_m^2/g: 4388.51 NASA_A^2: 1.38223 NASA_m^2/cm^3: 3.58767 NASA_m^2/g: 9.625
Number_of_channels: 1 Channel_surface_area_A^2: 630.227  
Number_of_pockets: 11 Pocket_surface_area_A^2: 0.211366  0  0.158525  0.0528416  0  0.331755  0.105683  0.158525  0  0  0.363535  
