@ /home/liuhaoyu/code/rnd_1/cofs/301/T3_301_NH2_SO2H_H_H-L2_216_CHO_H_H-HCB_A-AA.sa Unitcell_volume: 1937.89   Density: 0.578126   ASA_A^2: 337.117 ASA_m^2/cm^3: 1739.61 ASA_m^2/g: 3009.05 NASA_A^2: 0.422494 NASA_m^2/cm^3: 2.18018 NASA_m^2/g: 3.77111
Number_of_channels: 1 Channel_surface_area_A^2: 337.117  
Number_of_pockets: 2 Pocket_surface_area_A^2: 0.139457  0.283037  
