@ /home/liuhaoyu/code/rnd_1/cofs/301/T3_301_NH2_CH3_H_H-L2_204_CHO-HCB_A-AA.sa Unitcell_volume: 1181.9   Density: 0.478237   ASA_A^2: 281.198 ASA_m^2/cm^3: 2379.19 ASA_m^2/g: 4974.92 NASA_A^2: 0.31705 NASA_m^2/cm^3: 2.68253 NASA_m^2/g: 5.6092
Number_of_channels: 1 Channel_surface_area_A^2: 281.198  
Number_of_pockets: 2 Pocket_surface_area_A^2: 0.158525  0.158525  
