@ /home/liuhaoyu/code/rnd_1/cofs/301/T3_301_NH2_EPO_H_H-L2_217_CHO_H_H-HCB_A-AA.vol Unitcell_volume: 3872.61   Density: 0.396659   AV_A^3: 2026.93 AV_Volume_fraction: 0.5234 AV_cm^3/g: 1.31952 NAV_A^3: 0.387261 NAV_Volume_fraction: 0.0001 NAV_cm^3/g: 0.000252106
Number_of_channels: 1 Channel_volume_A^3: 2026.93  
Number_of_pockets: 13 Pocket_volume_A^3: 0  0.0774522  0  0  0  0  0  0.0774522  0.0774522  0.0774522  0  0.0774522  0  
