@ /home/liuhaoyu/code/rnd_1/cofs/301/T3_301_NH2_EPO_H_H-L2_217_CHO_H_H-HCB_A-AA.sa Unitcell_volume: 3872.61   Density: 0.396659   ASA_A^2: 636.019 ASA_m^2/cm^3: 1642.35 ASA_m^2/g: 4140.46 NASA_A^2: 5.06644 NASA_m^2/cm^3: 13.0827 NASA_m^2/g: 32.9824
Number_of_channels: 1 Channel_surface_area_A^2: 636.019  
Number_of_pockets: 13 Pocket_surface_area_A^2: 0.211366  0.634099  0.31705  0.528416  0.0528416  0.792624  0  0.686941  0.634099  0.422733  0.211366  0.528416  0.0464855  
