@ /home/liuhaoyu/code/rnd_1/cofs/301/T3_301_NH2_CH3_H_H-L2_215_CHO_H_H-HCB_A-AA.vol Unitcell_volume: 2142.19   Density: 0.445417   AV_A^3: 985.191 AV_Volume_fraction: 0.4599 AV_cm^3/g: 1.03252 NAV_A^3: 0.128531 NAV_Volume_fraction: 6e-05 NAV_cm^3/g: 0.000134705
Number_of_channels: 1 Channel_volume_A^3: 985.191  
Number_of_pockets: 7 Pocket_volume_A^3: 0  0  0  0.0428437  0.0428437  0.0428437  0  
