@ /home/liuhaoyu/code/rnd_1/cofs/301/T3_301_NH2_CH3_H_H-L2_201_CHO_H_H-HCB_A-AA.sa Unitcell_volume: 3833.07   Density: 0.394718   ASA_A^2: 604.37 ASA_m^2/cm^3: 1576.73 ASA_m^2/g: 3994.56 NASA_A^2: 0.90453 NASA_m^2/cm^3: 2.35981 NASA_m^2/g: 5.97846
Number_of_channels: 1 Channel_surface_area_A^2: 604.37  
Number_of_pockets: 7 Pocket_surface_area_A^2: 0  0.105683  0  0.257374  0.211366  0.0528416  0.277266  
