@ /home/liuhaoyu/code/rnd_1/cofs/301/T3_301_NH2_CH3_H_H-L2_215_CHO_H_H-HCB_A-AA.sa Unitcell_volume: 2142.19   Density: 0.445417   ASA_A^2: 411.264 ASA_m^2/cm^3: 1919.83 ASA_m^2/g: 4310.19 NASA_A^2: 2.16057 NASA_m^2/cm^3: 10.0858 NASA_m^2/g: 22.6435
Number_of_channels: 1 Channel_surface_area_A^2: 411.264  
Number_of_pockets: 7 Pocket_surface_area_A^2: 0  0.264208  0  0.575932  0.422733  0.290323  0.607373  
