@ /home/liuhaoyu/code/rnd_1/cofs/301/T3_301_NH2_COOH_H_H-L2_208_CHO_H_H-HCB_A-AA.sa Unitcell_volume: 3439.64   Density: 0.410782   ASA_A^2: 506.55 ASA_m^2/cm^3: 1472.68 ASA_m^2/g: 3585.07 NASA_A^2: 0.448949 NASA_m^2/cm^3: 1.30522 NASA_m^2/g: 3.17741
Number_of_channels: 1 Channel_surface_area_A^2: 506.55  
Number_of_pockets: 2 Pocket_surface_area_A^2: 0.200716  0.248233  
