@ /home/liuhaoyu/code/rnd_1/cofs/301/T3_301_NH2_CH3_H_H-L2_214_CHO_H_H-HCB_A-AA.sa Unitcell_volume: 2142.19   Density: 0.445417   ASA_A^2: 415.181 ASA_m^2/cm^3: 1938.12 ASA_m^2/g: 4351.25 NASA_A^2: 3.19037 NASA_m^2/cm^3: 14.893 NASA_m^2/g: 33.4362
Number_of_channels: 1 Channel_surface_area_A^2: 415.181  
Number_of_pockets: 7 Pocket_surface_area_A^2: 0  0.707832  0  0.924524  0.660316  0.290323  0.607373  
