@ /home/liuhaoyu/code/rnd_1/cofs/301/T3_301_NH2_EPO_H_H-L2_205_CHO_H_H-HCB_A-AA.sa Unitcell_volume: 2951   Density: 0.436031   ASA_A^2: 529.971 ASA_m^2/cm^3: 1795.9 ASA_m^2/g: 4118.76 NASA_A^2: 1.41401 NASA_m^2/cm^3: 4.79164 NASA_m^2/g: 10.9892
Number_of_channels: 1 Channel_surface_area_A^2: 529.971  
Number_of_pockets: 10 Pocket_surface_area_A^2: 0.105683  0.105683  0.264208  0.158525  0.211366  0.0464855  0.158525  0.105683  0.211366  0.0464855  
