@ /home/liuhaoyu/code/rnd_1/cofs/301/T3_301_NH2_EPO_H_H-L2_215_CHO_H_H-HCB_A-AA.sa Unitcell_volume: 2170.61   Density: 0.482439   ASA_A^2: 415.923 ASA_m^2/cm^3: 1916.15 ASA_m^2/g: 3971.8 NASA_A^2: 4.27357 NASA_m^2/cm^3: 19.6883 NASA_m^2/g: 40.81
Number_of_channels: 1 Channel_surface_area_A^2: 415.923  
Number_of_pockets: 8 Pocket_surface_area_A^2: 0.105683  0.792624  0.211366  0.91078  0.739782  0.898307  0.257852  0.357179  
