@ /home/liuhaoyu/code/rnd_1/cofs/301/T3_301_NH2_SO2H_H_H-L2_209_CHO_H_H-HCB_A-AA.sa Unitcell_volume: 3492.84   Density: 0.494992   ASA_A^2: 514.743 ASA_m^2/cm^3: 1473.71 ASA_m^2/g: 2977.24 NASA_A^2: 0.753287 NASA_m^2/cm^3: 2.15666 NASA_m^2/g: 4.35696
Number_of_channels: 1 Channel_surface_area_A^2: 514.743  
Number_of_pockets: 2 Pocket_surface_area_A^2: 0.34756  0.405727  
