@ /home/liuhaoyu/code/rnd_1/cofs/301/T3_301_NH2_EPO_H_H-L2_205_CHO_H_H-HCB_A-AA.vol Unitcell_volume: 2951   Density: 0.436031   AV_A^3: 1418.25 AV_Volume_fraction: 0.4806 AV_cm^3/g: 1.10222 NAV_A^3: 0.0590199 NAV_Volume_fraction: 2e-05 NAV_cm^3/g: 4.58683e-05
Number_of_channels: 1 Channel_volume_A^3: 1418.25  
Number_of_pockets: 10 Pocket_volume_A^3: 0  0  0.0590199  0  0  0  0  0  0  0  
