@ /home/liuhaoyu/code/rnd_1/cofs/301/T3_301_NH2_CH3_H_H-L2_207_CHO_H_H-HCB_A-AA.sa Unitcell_volume: 3802.27   Density: 0.350648   ASA_A^2: 624.636 ASA_m^2/cm^3: 1642.8 ASA_m^2/g: 4685.04 NASA_A^2: 0.534639 NASA_m^2/cm^3: 1.40611 NASA_m^2/g: 4.01003
Number_of_channels: 1 Channel_surface_area_A^2: 624.636  
Number_of_pockets: 7 Pocket_surface_area_A^2: 0  0  0  0.363057  0  0  0.171582  
