@ /home/liuhaoyu/code/rnd_1/cofs/301/T3_301_NH2_EPO_H_H-L2_216_CHO_H_H-HCB_A-AA.vol Unitcell_volume: 2170.61   Density: 0.482439   AV_A^3: 958.804 AV_Volume_fraction: 0.44172 AV_cm^3/g: 0.915597 NAV_A^3: 0.217061 NAV_Volume_fraction: 0.0001 NAV_cm^3/g: 0.00020728
Number_of_channels: 1 Channel_volume_A^3: 958.804  
Number_of_pockets: 7 Pocket_volume_A^3: 0.0434123  0  0  0.0434123  0.0868246  0.0434123  0  
