@ /home/liuhaoyu/code/rnd_1/cofs/301/T3_301_NH2_EPO_H_H-L2_212_CHO_H_H-HCB_A-AA.sa Unitcell_volume: 3872.61   Density: 0.435227   ASA_A^2: 663.111 ASA_m^2/cm^3: 1712.31 ASA_m^2/g: 3934.3 NASA_A^2: 4.7029 NASA_m^2/cm^3: 12.144 NASA_m^2/g: 27.9027
Number_of_channels: 1 Channel_surface_area_A^2: 663.111  
Number_of_pockets: 13 Pocket_surface_area_A^2: 0.105683  0.158525  0.475574  0.528416  0.158525  0.422733  0  0.528416  0.528416  0.845465  0.369891  0.581257  0  
