@ /home/liuhaoyu/code/rnd_1/cofs/301/T3_301_NH2_OMe_H_H-L2_214_CHO_H_H-HCB_A-AA.sa Unitcell_volume: 2121.42   Density: 0.474822   ASA_A^2: 407.458 ASA_m^2/cm^3: 1920.68 ASA_m^2/g: 4045.05 NASA_A^2: 1.42099 NASA_m^2/cm^3: 6.69828 NASA_m^2/g: 14.1069
Number_of_channels: 1 Channel_surface_area_A^2: 407.458  
Number_of_pockets: 5 Pocket_surface_area_A^2: 0  0.301075  0  0.665641  0.454274  
