@ /home/liuhaoyu/code/rnd_1/cofs/301/T3_301_NH2_NO2_H_H-L2_205_CHO_H_H-HCB_A-AA.sa Unitcell_volume: 2637.23   Density: 0.491636   ASA_A^2: 429.548 ASA_m^2/cm^3: 1628.79 ASA_m^2/g: 3313 NASA_A^2: 0.252527 NASA_m^2/cm^3: 0.957547 NASA_m^2/g: 1.94768
Number_of_channels: 1 Channel_surface_area_A^2: 429.548  
Number_of_pockets: 3 Pocket_surface_area_A^2: 0.146844  0  0.105683  
