@ /home/liuhaoyu/code/rnd_1/cofs/301/T3_301_NH2_OMe_H_H-L2_212_CHO_H_H-HCB_A-AA.sa Unitcell_volume: 3784.85   Density: 0.434779   ASA_A^2: 639.544 ASA_m^2/cm^3: 1689.75 ASA_m^2/g: 3886.45 NASA_A^2: 1.05683 NASA_m^2/cm^3: 2.79227 NASA_m^2/g: 6.42227
Number_of_channels: 1 Channel_surface_area_A^2: 639.544  
Number_of_pockets: 11 Pocket_surface_area_A^2: 0  0  0.105683  0.105683  0  0.0528416  0.211366  0.211366  0.105683  0.105683  0.158525  
