@ /home/liuhaoyu/code/rnd_1/cofs/301/T3_301_NH2_OMe_H_H-L2_211_CHO_H_H-HCB_A-AA.sa Unitcell_volume: 2121.42   Density: 0.606531   ASA_A^2: 411.861 ASA_m^2/cm^3: 1941.43 ASA_m^2/g: 3200.89 NASA_A^2: 0.369891 NASA_m^2/cm^3: 1.7436 NASA_m^2/g: 2.87471
Number_of_channels: 1 Channel_surface_area_A^2: 411.861  
Number_of_pockets: 5 Pocket_surface_area_A^2: 0  0.105683  0  0.0528416  0.211366  
