@ /home/liuhaoyu/code/rnd_1/cofs/301/T3_301_NH2_CH3_H_H-L2_205_CHO_H_H-HCB_A-AA.sa Unitcell_volume: 2912.35   Density: 0.409876   ASA_A^2: 524.876 ASA_m^2/cm^3: 1802.24 ASA_m^2/g: 4397.05 NASA_A^2: 0.508524 NASA_m^2/cm^3: 1.7461 NASA_m^2/g: 4.26006
Number_of_channels: 1 Channel_surface_area_A^2: 524.876  
Number_of_pockets: 10 Pocket_surface_area_A^2: 0  0.0528416  0  0  0.211366  0.0857912  0  0.105683  0  0.0528416  
