@ /home/liuhaoyu/code/rnd_1/cofs/301/T3_301_NH2_CH3_H_H-L2_206_CHO_H_H-HCB_A-AA.sa Unitcell_volume: 2880.27   Density: 0.435292   ASA_A^2: 512.643 ASA_m^2/cm^3: 1779.84 ASA_m^2/g: 4088.85 NASA_A^2: 0.693164 NASA_m^2/cm^3: 2.40659 NASA_m^2/g: 5.52868
Number_of_channels: 1 Channel_surface_area_A^2: 512.643  
Number_of_pockets: 4 Pocket_surface_area_A^2: 0  0  0.257374  0.43579  
