@ /home/liuhaoyu/code/rnd_1/cofs/301/T3_301_NH2_CHO_H_H-L2_205_CHO_H_H-HCB_A-AA.sa Unitcell_volume: 2561.47   Density: 0.484151   ASA_A^2: 416.959 ASA_m^2/cm^3: 1627.81 ASA_m^2/g: 3362.2 NASA_A^2: 0.0475166 NASA_m^2/cm^3: 0.185505 NASA_m^2/g: 0.383155
Number_of_channels: 1 Channel_surface_area_A^2: 416.959  
Number_of_pockets: 2 Pocket_surface_area_A^2: 0  0.0475166  
