@ /home/liuhaoyu/code/rnd_1/cofs/301/T3_301_NH2_COOH_H_H-L2_209_CHO_H_H-HCB_A-AA.sa Unitcell_volume: 3492.84   Density: 0.475923   ASA_A^2: 516.178 ASA_m^2/cm^3: 1477.82 ASA_m^2/g: 3105.16 NASA_A^2: 0.100358 NASA_m^2/cm^3: 0.287326 NASA_m^2/g: 0.603723
Number_of_channels: 1 Channel_surface_area_A^2: 516.178  
Number_of_pockets: 2 Pocket_surface_area_A^2: 0  0.100358  
