@ /home/liuhaoyu/code/rnd_1/cofs/301/T3_301_NH2_OMe_H_H-L2_209_CHO_H_H-HCB_A-AA.sa Unitcell_volume: 3823.65   Density: 0.422603   ASA_A^2: 628.87 ASA_m^2/cm^3: 1644.69 ASA_m^2/g: 3891.8 NASA_A^2: 0.158525 NASA_m^2/cm^3: 0.414591 NASA_m^2/g: 0.981041
Number_of_channels: 1 Channel_surface_area_A^2: 628.87  
Number_of_pockets: 14 Pocket_surface_area_A^2: 0  0  0.0528416  0  0  0  0  0  0  0  0.0528416  0.0528416  0  0  
