@ /home/liuhaoyu/code/rnd_1/cofs/301/T3_301_NH2_OMe_H_H-L2_204_CHO-HCB_A-AA.sa Unitcell_volume: 1170.45   Density: 0.528314   ASA_A^2: 287.872 ASA_m^2/cm^3: 2459.5 ASA_m^2/g: 4655.37 NASA_A^2: 0.105683 NASA_m^2/cm^3: 0.902928 NASA_m^2/g: 1.70908
Number_of_channels: 1 Channel_surface_area_A^2: 287.872  
Number_of_pockets: 2 Pocket_surface_area_A^2: 0.0528416  0.0528416  
