@ /home/liuhaoyu/code/rnd_1/cofs/301/T3_301_NH2_CH3_H_H-L2_217_CHO_H_H-HCB_A-AA.vol Unitcell_volume: 3821.89   Density: 0.377583   AV_A^3: 2036.53 AV_Volume_fraction: 0.53286 AV_cm^3/g: 1.41124 NAV_A^3: 0.229314 NAV_Volume_fraction: 6e-05 NAV_cm^3/g: 0.000158906
Number_of_channels: 1 Channel_volume_A^3: 2036.53  
Number_of_pockets: 13 Pocket_volume_A^3: 0  0  0  0  0  0  0  0.0764379  0.0764379  0.0764379  0  0  0  
