@ /home/liuhaoyu/code/rnd_1/cofs/301/T3_301_NH2_OMe_H_H-L2_215_CHO_H_H-HCB_A-AA.sa Unitcell_volume: 2121.42   Density: 0.474822   ASA_A^2: 403.839 ASA_m^2/cm^3: 1903.62 ASA_m^2/g: 4009.12 NASA_A^2: 0.581257 NASA_m^2/cm^3: 2.73994 NASA_m^2/g: 5.77045
Number_of_channels: 1 Channel_surface_area_A^2: 403.839  
Number_of_pockets: 5 Pocket_surface_area_A^2: 0  0.105683  0  0.369891  0.105683  
