@ /home/liuhaoyu/code/rnd_1/cofs/301/T3_301_NH2_CH3_H_H-L2_211_CHO_H_H-HCB_A-AA.sa Unitcell_volume: 2142.19   Density: 0.575849   ASA_A^2: 434.313 ASA_m^2/cm^3: 2027.43 ASA_m^2/g: 3520.77 NASA_A^2: 1.58464 NASA_m^2/cm^3: 7.39729 NASA_m^2/g: 12.8459
Number_of_channels: 1 Channel_surface_area_A^2: 434.313  
Number_of_pockets: 7 Pocket_surface_area_A^2: 0  0.31705  0  0.0528416  0.264208  0.448848  0.50169  
