@ /home/liuhaoyu/code/rnd_1/cofs/303/T3_303_NH2_CH3_H_H-L2_214_CHO_H_H-HCB_A-AA.sa Unitcell_volume: 3846.79   Density: 0.393311   ASA_A^2: 591.48 ASA_m^2/cm^3: 1537.59 ASA_m^2/g: 3909.36 NASA_A^2: 3.69592 NASA_m^2/cm^3: 9.6078 NASA_m^2/g: 24.428
Number_of_channels: 1 Channel_surface_area_A^2: 591.48  
Number_of_pockets: 7 Pocket_surface_area_A^2: 0.105683  0.592959  0.507116  0.657087  0  1.11991  0.713157  
