@ /home/liuhaoyu/code/rnd_1/cofs/303/T3_303_NH2_OMe_H_H-L2_215_CHO_H_H-HCB_A-AA.vol Unitcell_volume: 3806.17   Density: 0.411468   AV_A^3: 2135.64 AV_Volume_fraction: 0.5611 AV_cm^3/g: 1.36365 NAV_A^3: 0.0761234 NAV_Volume_fraction: 2e-05 NAV_cm^3/g: 4.86065e-05
Number_of_channels: 1 Channel_volume_A^3: 2135.64  
Number_of_pockets: 5 Pocket_volume_A^3: 0  0  0  0.0761234  0  
