@ /home/liuhaoyu/code/rnd_1/cofs/303/T3_303_NH2_CHO_H_H-L2_215_CHO_H_H-HCB_A-AA.sa Unitcell_volume: 3383.33   Density: 0.460913   ASA_A^2: 455.832 ASA_m^2/cm^3: 1347.29 ASA_m^2/g: 2923.08 NASA_A^2: 0.0464855 NASA_m^2/cm^3: 0.137396 NASA_m^2/g: 0.298095
Number_of_channels: 1 Channel_surface_area_A^2: 455.832  
Number_of_pockets: 2 Pocket_surface_area_A^2: 0  0.0464855  
