@ /home/liuhaoyu/code/rnd_1/cofs/303/T3_303_NH2_EPO_H_H-L2_207_CHO_H_H-HCB_A-AA.sa Unitcell_volume: 6070.46   Density: 0.32701   ASA_A^2: 822.791 ASA_m^2/cm^3: 1355.4 ASA_m^2/g: 4144.84 NASA_A^2: 2.92217 NASA_m^2/cm^3: 4.81375 NASA_m^2/g: 14.7205
Number_of_channels: 1 Channel_surface_area_A^2: 822.791  
Number_of_pockets: 17 Pocket_surface_area_A^2: 0.105683  1.20953  0  0  0  0  0.0528416  1.07854  0.31705  0  0  0  0.0528416  0  0.105683  0  0  
