@ /home/liuhaoyu/code/rnd_1/cofs/303/T3_303_NH2_OMe_H_H-L2_211_CHO_H_H-HCB_A-AA.sa Unitcell_volume: 3806.17   Density: 0.484877   ASA_A^2: 617.425 ASA_m^2/cm^3: 1622.17 ASA_m^2/g: 3345.52 NASA_A^2: 0.422733 NASA_m^2/cm^3: 1.11065 NASA_m^2/g: 2.29058
Number_of_channels: 1 Channel_surface_area_A^2: 617.425  
Number_of_pockets: 5 Pocket_surface_area_A^2: 0  0.211366  0  0.0528416  0.158525  
