@ /home/liuhaoyu/code/rnd_1/cofs/303/T3_303_NH2_EPO_H_H-L2_211_CHO_H_H-HCB_A-AA.vol Unitcell_volume: 3897.84   Density: 0.483708   AV_A^3: 1986.65 AV_Volume_fraction: 0.50968 AV_cm^3/g: 1.05369 NAV_A^3: 0.389784 NAV_Volume_fraction: 0.0001 NAV_cm^3/g: 0.000206736
Number_of_channels: 1 Channel_volume_A^3: 1986.65  
Number_of_pockets: 14 Pocket_volume_A^3: 0.0779567  0  0  0  0  0.155913  0  0  0  0  0  0.0779567  0.0779567  0  
