@ /home/liuhaoyu/code/rnd_1/cofs/303/T3_303_NH2_OMe_H_H-L2_216_CHO_H_H-HCB_A-AA.vol Unitcell_volume: 3806.17   Density: 0.411468   AV_A^3: 2132.45 AV_Volume_fraction: 0.56026 AV_cm^3/g: 1.36161 NAV_A^3: 0.0761235 NAV_Volume_fraction: 2e-05 NAV_cm^3/g: 4.86065e-05
Number_of_channels: 1 Channel_volume_A^3: 2132.45  
Number_of_pockets: 5 Pocket_volume_A^3: 0  0  0  0.0761235  0  
