@ /home/liuhaoyu/code/rnd_1/cofs/303/T3_303_NH2_CH3_H_H-L2_207_CHO_H_H-HCB_A-AA.sa Unitcell_volume: 5990.95   Density: 0.315822   ASA_A^2: 797.499 ASA_m^2/cm^3: 1331.17 ASA_m^2/g: 4214.95 NASA_A^2: 1.45771 NASA_m^2/cm^3: 2.43318 NASA_m^2/g: 7.70427
Number_of_channels: 1 Channel_surface_area_A^2: 797.499  
Number_of_pockets: 7 Pocket_surface_area_A^2: 0  0.687521  0  0.770185  0  0  0  
