@ /home/liuhaoyu/code/rnd_1/cofs/303/T3_303_NH2_EPO_H_H-L2_204_CHO-HCB_A-AA.vol Unitcell_volume: 2545.1   Density: 0.478202   AV_A^3: 1226.23 AV_Volume_fraction: 0.4818 AV_cm^3/g: 1.00752 NAV_A^3: 0.050902 NAV_Volume_fraction: 2e-05 NAV_cm^3/g: 4.18234e-05
Number_of_channels: 1 Channel_volume_A^3: 1226.23  
Number_of_pockets: 10 Pocket_volume_A^3: 0.050902  0  0  0  0  0  0  0  0  0  
