@ /home/liuhaoyu/code/rnd_1/cofs/303/T3_303_NH2_EPO_H_H-L2_210_CHO_H_H-HCB_A-AA.sa Unitcell_volume: 3897.84   Density: 0.410763   ASA_A^2: 612.281 ASA_m^2/cm^3: 1570.82 ASA_m^2/g: 3824.16 NASA_A^2: 3.85731 NASA_m^2/cm^3: 9.89602 NASA_m^2/g: 24.0918
Number_of_channels: 1 Channel_surface_area_A^2: 612.281  
Number_of_pockets: 13 Pocket_surface_area_A^2: 0.264208  0.659925  0  0  0.528416  0  1.08372  0.105683  0  0  0.475574  0.739782  0  
