@ /home/liuhaoyu/code/rnd_1/cofs/303/T3_303_NH2_EPO_H_H-L2_215_CHO_H_H-HCB_A-AA.vol Unitcell_volume: 3897.84   Density: 0.412025   AV_A^3: 2176.08 AV_Volume_fraction: 0.55828 AV_cm^3/g: 1.35497 NAV_A^3: 0.23387 NAV_Volume_fraction: 6e-05 NAV_cm^3/g: 0.000145622
Number_of_channels: 1 Channel_volume_A^3: 2176.08  
Number_of_pockets: 13 Pocket_volume_A^3: 0.0779567  0  0  0  0  0  0  0  0  0  0.0779567  0.0779567  0  
