@ /home/liuhaoyu/code/rnd_1/cofs/303/T3_303_NH2_OMe_H_H-L2_210_CHO_H_H-HCB_A-AA.vol Unitcell_volume: 3806.17   Density: 0.410175   AV_A^3: 2122.02 AV_Volume_fraction: 0.55752 AV_cm^3/g: 1.35923 NAV_A^3: 0.0761235 NAV_Volume_fraction: 2e-05 NAV_cm^3/g: 4.87597e-05
Number_of_channels: 1 Channel_volume_A^3: 2122.02  
Number_of_pockets: 5 Pocket_volume_A^3: 0  0  0  0.0761235  0  
