@ /home/liuhaoyu/code/rnd_1/cofs/303/T3_303_NH2_OMe_H_H-L2_212_CHO_H_H-HCB_A-AA.sa Unitcell_volume: 5952.07   Density: 0.370357   ASA_A^2: 814.261 ASA_m^2/cm^3: 1368.03 ASA_m^2/g: 3693.81 NASA_A^2: 1.53241 NASA_m^2/cm^3: 2.57458 NASA_m^2/g: 6.9516
Number_of_channels: 1 Channel_surface_area_A^2: 814.261  
Number_of_pockets: 11 Pocket_surface_area_A^2: 0  0.211366  0.264208  0.0528416  0  0.105683  0.211366  0.158525  0.211366  0.105683  0.211366  
