@ /home/liuhaoyu/code/rnd_1/cofs/303/T3_303_NH2_CH3_H_H-L2_216_CHO_H_H-HCB_A-AA.sa Unitcell_volume: 3846.79   Density: 0.393311   ASA_A^2: 601.779 ASA_m^2/cm^3: 1564.37 ASA_m^2/g: 3977.43 NASA_A^2: 2.88814 NASA_m^2/cm^3: 7.50792 NASA_m^2/g: 19.089
Number_of_channels: 1 Channel_surface_area_A^2: 601.779  
Number_of_pockets: 7 Pocket_surface_area_A^2: 0.105683  0.592959  0.369891  0.657087  0  0.739782  0.422733  
