@ /home/liuhaoyu/code/rnd_1/cofs/303/T3_303_NH2_EPO_H_H-L2_201_CHO_H_H-HCB_A-AA.sa Unitcell_volume: 6109.62   Density: 0.35433   ASA_A^2: 786.946 ASA_m^2/cm^3: 1288.04 ASA_m^2/g: 3635.15 NASA_A^2: 2.98442 NASA_m^2/cm^3: 4.88479 NASA_m^2/g: 13.786
Number_of_channels: 1 Channel_surface_area_A^2: 786.946  
Number_of_pockets: 19 Pocket_surface_area_A^2: 0.475574  0.712767  0  0  0  0.105683  0  0  0.739249  0.369891  0  0  0  0  0.264208  0  0.31705  0  0  
