@ /home/liuhaoyu/code/rnd_1/cofs/303/T3_303_NH2_OMe_H_H-L2_215_CHO_H_H-HCB_A-AA.sa Unitcell_volume: 3806.17   Density: 0.411468   ASA_A^2: 591.549 ASA_m^2/cm^3: 1554.18 ASA_m^2/g: 3777.17 NASA_A^2: 0.739782 NASA_m^2/cm^3: 1.94364 NASA_m^2/g: 4.72367
Number_of_channels: 1 Channel_surface_area_A^2: 591.549  
Number_of_pockets: 5 Pocket_surface_area_A^2: 0  0.158525  0  0.422733  0.158525  
