@ /home/liuhaoyu/code/rnd_1/cofs/303/T3_303_NH2_CH3_H_H-L2_201_CHO_H_H-HCB_A-AA.sa Unitcell_volume: 6029.6   Density: 0.343605   ASA_A^2: 778.381 ASA_m^2/cm^3: 1290.93 ASA_m^2/g: 3757.02 NASA_A^2: 1.41228 NASA_m^2/cm^3: 2.34224 NASA_m^2/g: 6.81667
Number_of_channels: 1 Channel_surface_area_A^2: 778.381  
Number_of_pockets: 7 Pocket_surface_area_A^2: 0.105683  0.479861  0  0.826733  0  0  0  
