@ /home/liuhaoyu/code/rnd_1/cofs/303/T3_303_NH2_CH3_H_H-L2_217_CHO_H_H-HCB_A-AA.sa Unitcell_volume: 6015.58   Density: 0.332786   ASA_A^2: 801.244 ASA_m^2/cm^3: 1331.95 ASA_m^2/g: 4002.42 NASA_A^2: 3.94126 NASA_m^2/cm^3: 6.55175 NASA_m^2/g: 19.6876
Number_of_channels: 1 Channel_surface_area_A^2: 801.244  
Number_of_pockets: 13 Pocket_surface_area_A^2: 0.0528416  0.53641  0.31705  0.105683  0.369891  0.498563  0  0.264208  0.31705  0.475574  0.422733  0.105683  0.475574  
