@ /home/liuhaoyu/code/rnd_1/cofs/303/T3_303_NH2_OMe_H_H-L2_209_CHO_H_H-HCB_A-AA.sa Unitcell_volume: 6000.67   Density: 0.36241   ASA_A^2: 805.577 ASA_m^2/cm^3: 1342.48 ASA_m^2/g: 3704.31 NASA_A^2: 0.581257 NASA_m^2/cm^3: 0.968654 NASA_m^2/g: 2.67282
Number_of_channels: 1 Channel_surface_area_A^2: 805.577  
Number_of_pockets: 14 Pocket_surface_area_A^2: 0  0  0.0528416  0.0528416  0.0528416  0  0.105683  0  0.105683  0  0.105683  0.0528416  0  0.0528416  
