@ /home/liuhaoyu/code/rnd_1/cofs/303/T3_303_NH2_CH3_H_H-L2_214_CHO_H_H-HCB_A-AA.vol Unitcell_volume: 3846.79   Density: 0.393311   AV_A^3: 2190.51 AV_Volume_fraction: 0.56944 AV_cm^3/g: 1.44781 NAV_A^3: 0.384679 NAV_Volume_fraction: 0.0001 NAV_cm^3/g: 0.000254252
Number_of_channels: 1 Channel_volume_A^3: 2190.51  
Number_of_pockets: 7 Pocket_volume_A^3: 0  0  0  0.0769357  0  0.153871  0.153871  
