@ /home/liuhaoyu/code/rnd_1/cofs/303/T3_303_NH2_SO2H_H_H-L2_211_CHO_H_H-HCB_A-AA.sa Unitcell_volume: 3479.92   Density: 0.562821   ASA_A^2: 494.836 ASA_m^2/cm^3: 1421.98 ASA_m^2/g: 2526.52 NASA_A^2: 0.379102 NASA_m^2/cm^3: 1.0894 NASA_m^2/g: 1.93561
Number_of_channels: 1 Channel_surface_area_A^2: 494.836  
Number_of_pockets: 1 Pocket_surface_area_A^2: 0.379102  
