@ /home/liuhaoyu/code/rnd_1/cofs/303/T3_303_NH2_EPO_H_H-L2_202_CHO_H_H-HCB_A-AA.sa Unitcell_volume: 3988.48   Density: 0.400193   ASA_A^2: 610.043 ASA_m^2/cm^3: 1529.51 ASA_m^2/g: 3821.93 NASA_A^2: 2.15803 NASA_m^2/cm^3: 5.41065 NASA_m^2/g: 13.5201
Number_of_channels: 1 Channel_surface_area_A^2: 610.043  
Number_of_pockets: 13 Pocket_surface_area_A^2: 0.158525  0.374656  0  0  0.158525  0  0.83222  0.105683  0.105683  0  0.158525  0.264208  0  
