@ /home/liuhaoyu/code/rnd_1/cofs/303/T3_303_NH2_EPO_H_H-L2_211_CHO_H_H-HCB_A-AA.sa Unitcell_volume: 3897.84   Density: 0.483708   ASA_A^2: 627.925 ASA_m^2/cm^3: 1610.96 ASA_m^2/g: 3330.43 NASA_A^2: 6.5084 NASA_m^2/cm^3: 16.6975 NASA_m^2/g: 34.5197
Number_of_channels: 1 Channel_surface_area_A^2: 627.925  
Number_of_pockets: 14 Pocket_surface_area_A^2: 0.475574  0.666282  0  0  0.634099  2.7842  0  0.785735  0.369891  0  0  0.264208  0.528416  0  
