@ /home/liuhaoyu/code/rnd_1/cofs/303/T3_303_NH2_CH3_H_H-L2_210_CHO_H_H-HCB_A-AA.sa Unitcell_volume: 3846.79   Density: 0.392031   ASA_A^2: 593.049 ASA_m^2/cm^3: 1541.67 ASA_m^2/g: 3932.53 NASA_A^2: 2.56738 NASA_m^2/cm^3: 6.67409 NASA_m^2/g: 17.0244
Number_of_channels: 1 Channel_surface_area_A^2: 593.049  
Number_of_pockets: 7 Pocket_surface_area_A^2: 0.211366  0.423313  0.264208  0.770185  0.105683  0.211366  0.581257  
