@ /home/liuhaoyu/code/rnd_1/cofs/303/T3_303_NH2_EPO_H_H-L2_203_CHO_H_H-HCB_A-AA.sa Unitcell_volume: 6070.46   Density: 0.328625   ASA_A^2: 815.13 ASA_m^2/cm^3: 1342.78 ASA_m^2/g: 4086.06 NASA_A^2: 1.97302 NASA_m^2/cm^3: 3.2502 NASA_m^2/g: 9.8903
Number_of_channels: 1 Channel_surface_area_A^2: 815.13  
Number_of_pockets: 17 Pocket_surface_area_A^2: 0.158525  0.663633  0  0  0  0.158525  0  0.569603  0.105683  0.105683  0  0  0.0528416  0  0.158525  0  0  
