@ /home/liuhaoyu/code/rnd_1/cofs/303/T3_303_NH2_EPO_H_H-L2_213_CHO_H_H-HCB_A-AA.sa Unitcell_volume: 5155.75   Density: 0.358913   ASA_A^2: 714.341 ASA_m^2/cm^3: 1385.52 ASA_m^2/g: 3860.33 NASA_A^2: 5.41408 NASA_m^2/cm^3: 10.501 NASA_m^2/g: 29.2579
Number_of_channels: 1 Channel_surface_area_A^2: 714.341  
Number_of_pockets: 16 Pocket_surface_area_A^2: 0.31705  0.623503  0  0  0.422733  0.581257  0.774614  0  0.0528416  0  0  0.686941  0.686941  0.422733  0.845465  0  
