@ /home/liuhaoyu/code/rnd_1/cofs/303/T3_303_NH2_EPO_H_H-L2_217_CHO_H_H-HCB_A-AA.sa Unitcell_volume: 6095.41   Density: 0.343688   ASA_A^2: 828.391 ASA_m^2/cm^3: 1359.04 ASA_m^2/g: 3954.28 NASA_A^2: 6.6342 NASA_m^2/cm^3: 10.8839 NASA_m^2/g: 31.668
Number_of_channels: 1 Channel_surface_area_A^2: 828.391  
Number_of_pockets: 19 Pocket_surface_area_A^2: 0.158525  0.732893  0  0  0.369891  0.528416  0.475574  0  0.934197  0.105683  0  0.369891  0  0.739782  0.739782  0.528416  0.422733  0.528416  0  
