@ /home/liuhaoyu/code/rnd_1/cofs/303/T3_303_NH2_EPO_H_H-L2_213_CHO_H_H-HCB_A-AA.vol Unitcell_volume: 5155.75   Density: 0.358913   AV_A^3: 3102.73 AV_Volume_fraction: 0.6018 AV_cm^3/g: 1.67673 NAV_A^3: 0.309345 NAV_Volume_fraction: 6e-05 NAV_cm^3/g: 0.000167172
Number_of_channels: 1 Channel_volume_A^3: 3102.73  
Number_of_pockets: 16 Pocket_volume_A^3: 0  0  0  0  0  0.103115  0  0  0  0  0  0.103115  0  0.103115  0  0  
