@ /home/liuhaoyu/code/rnd_1/cofs/303/T3_303_NH2_CHO_H_H-L2_214_CHO_H_H-HCB_A-AA.sa Unitcell_volume: 3383.33   Density: 0.460913   ASA_A^2: 452.537 ASA_m^2/cm^3: 1337.55 ASA_m^2/g: 2901.95 NASA_A^2: 0.152169 NASA_m^2/cm^3: 0.44976 NASA_m^2/g: 0.975802
Number_of_channels: 1 Channel_surface_area_A^2: 452.537  
Number_of_pockets: 2 Pocket_surface_area_A^2: 0  0.152169  
