@ /home/liuhaoyu/code/rnd_1/cofs/303/T3_303_NH2_EPO_H_H-L2_209_CHO_H_H-HCB_A-AA.vol Unitcell_volume: 6145.18   Density: 0.360378   AV_A^3: 3709.85 AV_Volume_fraction: 0.6037 AV_cm^3/g: 1.67518 NAV_A^3: 0.122904 NAV_Volume_fraction: 2e-05 NAV_cm^3/g: 5.54972e-05
Number_of_channels: 1 Channel_volume_A^3: 3709.85  
Number_of_pockets: 22 Pocket_volume_A^3: 0  0  0  0  0  0  0  0  0  0  0  0  0  0  0  0  0.122904  0  0  0  0  0  
