@ /home/liuhaoyu/code/rnd_1/cofs/303/T3_303_NH2_CH3_H_H-L2_213_CHO_H_H-HCB_A-AA.sa Unitcell_volume: 5088.23   Density: 0.345393   ASA_A^2: 692.029 ASA_m^2/cm^3: 1360.06 ASA_m^2/g: 3937.71 NASA_A^2: 3.52594 NASA_m^2/cm^3: 6.9296 NASA_m^2/g: 20.0629
Number_of_channels: 1 Channel_surface_area_A^2: 692.029  
Number_of_pockets: 10 Pocket_surface_area_A^2: 0.105683  0.434434  0.211366  0.369891  0.660794  0.105683  0.528416  0.475574  0.264208  0.369891  
