@ /home/liuhaoyu/code/rnd_1/cofs/303/T3_303_NH2_COOH_H_H-L2_211_CHO_H_H-HCB_A-AA.sa Unitcell_volume: 3479.92   Density: 0.543681   ASA_A^2: 494.466 ASA_m^2/cm^3: 1420.91 ASA_m^2/g: 2613.5 NASA_A^2: 0.0475166 NASA_m^2/cm^3: 0.136545 NASA_m^2/g: 0.251149
Number_of_channels: 1 Channel_surface_area_A^2: 494.466  
Number_of_pockets: 1 Pocket_surface_area_A^2: 0.0475166  
