@ /home/liuhaoyu/code/rnd_1/cofs/303/T3_303_NH2_CH3_H_H-L2_209_CHO_H_H-HCB_A-AA.sa Unitcell_volume: 6064.7   Density: 0.349822   ASA_A^2: 820.209 ASA_m^2/cm^3: 1352.43 ASA_m^2/g: 3866.05 NASA_A^2: 2.35231 NASA_m^2/cm^3: 3.87868 NASA_m^2/g: 11.0876
Number_of_channels: 1 Channel_surface_area_A^2: 820.209  
Number_of_pockets: 16 Pocket_surface_area_A^2: 0.0528416  0.423313  0.158525  0.211366  0.158525  0.105683  0.555111  0  0.105683  0.105683  0.105683  0  0.158525  0.0528416  0.0528416  0.105683  
