@ /home/liuhaoyu/code/rnd_1/cofs/303/T3_303_NH2_CH3_H_H-L2_202_CHO_H_H-HCB_A-AA.sa Unitcell_volume: 3936.24   Density: 0.381872   ASA_A^2: 600.72 ASA_m^2/cm^3: 1526.13 ASA_m^2/g: 3996.44 NASA_A^2: 1.25375 NASA_m^2/cm^3: 3.18515 NASA_m^2/g: 8.3409
Number_of_channels: 1 Channel_surface_area_A^2: 600.72  
Number_of_pockets: 7 Pocket_surface_area_A^2: 0.105683  0.374178  0.0528416  0.668209  0  0  0.0528416  
