@ /home/liuhaoyu/code/rnd_1/cofs/303/T3_303_NH2_EPO_H_H-L2_210_CHO_H_H-HCB_A-AA.vol Unitcell_volume: 3897.84   Density: 0.410763   AV_A^3: 2160.88 AV_Volume_fraction: 0.55438 AV_cm^3/g: 1.34964 NAV_A^3: 0.23387 NAV_Volume_fraction: 6e-05 NAV_cm^3/g: 0.00014607
Number_of_channels: 1 Channel_volume_A^3: 2160.88  
Number_of_pockets: 13 Pocket_volume_A^3: 0.0779567  0  0  0  0  0  0  0  0  0  0.0779567  0.0779567  0  
