@ /home/liuhaoyu/code/rnd_1/cofs/303/T3_303_NH2_CH3_H_H-L2_211_CHO_H_H-HCB_A-AA.vol Unitcell_volume: 3846.79   Density: 0.465945   AV_A^3: 1988.25 AV_Volume_fraction: 0.51686 AV_cm^3/g: 1.10927 NAV_A^3: 0.230807 NAV_Volume_fraction: 6e-05 NAV_cm^3/g: 0.00012877
Number_of_channels: 1 Channel_volume_A^3: 1988.25  
Number_of_pockets: 7 Pocket_volume_A^3: 0  0  0  0.0769357  0  0.0769357  0.0769357  
