@ /home/liuhaoyu/code/rnd_1/cofs/303/T3_303_NH2_OMe_H_H-L2_216_CHO_H_H-HCB_A-AA.sa Unitcell_volume: 3806.17   Density: 0.411468   ASA_A^2: 597.953 ASA_m^2/cm^3: 1571.01 ASA_m^2/g: 3818.06 NASA_A^2: 0.845465 NASA_m^2/cm^3: 2.2213 NASA_m^2/g: 5.39848
Number_of_channels: 1 Channel_surface_area_A^2: 597.953  
Number_of_pockets: 5 Pocket_surface_area_A^2: 0  0.158525  0  0.475574  0.211366  
