@ /home/liuhaoyu/code/rnd_1/cofs/303/T3_303_NH2_EPO_H_H-L2_209_CHO_H_H-HCB_A-AA.sa Unitcell_volume: 6145.18   Density: 0.360378   ASA_A^2: 838.888 ASA_m^2/cm^3: 1365.11 ASA_m^2/g: 3788 NASA_A^2: 4.70448 NASA_m^2/cm^3: 7.65556 NASA_m^2/g: 21.2431
Number_of_channels: 1 Channel_surface_area_A^2: 838.888  
Number_of_pockets: 22 Pocket_surface_area_A^2: 0.158525  0.902539  0  0  0.264208  0.0528416  0.475574  0.211366  0  0.578608  0.105683  0  0  0.211366  0.264208  0.211366  0.31705  0.158525  0.264208  0.211366  0.31705  0  
