@ /home/liuhaoyu/code/rnd_1/cofs/303/T3_303_NH2_NO2_H_H-L2_213_CHO_H_H-HCB_A-AA.sa Unitcell_volume: 4607.56   Density: 0.403749   ASA_A^2: 573.063 ASA_m^2/cm^3: 1243.74 ASA_m^2/g: 3080.49 NASA_A^2: 0.0464855 NASA_m^2/cm^3: 0.10089 NASA_m^2/g: 0.249883
Number_of_channels: 1 Channel_surface_area_A^2: 573.063  
Number_of_pockets: 3 Pocket_surface_area_A^2: 0  0.0464855  0  
