@ /home/liuhaoyu/code/rnd_1/cofs/303/T3_303_NH2_EPO_H_H-L2_205_CHO_H_H-HCB_A-AA.sa Unitcell_volume: 4923.25   Density: 0.374863   ASA_A^2: 722.179 ASA_m^2/cm^3: 1466.87 ASA_m^2/g: 3913.1 NASA_A^2: 3.69373 NASA_m^2/cm^3: 7.50262 NASA_m^2/g: 20.0143
Number_of_channels: 1 Channel_surface_area_A^2: 722.179  
Number_of_pockets: 16 Pocket_surface_area_A^2: 0.105683  1.11655  0  0  0.158525  0.31705  0.0528416  0.939085  0.31705  0  0  0.158525  0.105683  0.31705  0.105683  0  
