@ /home/liuhaoyu/code/rnd_1/cofs/303/T3_303_NH2_CH3_H_H-L2_206_CHO_H_H-HCB_A-AA.sa Unitcell_volume: 4817.32   Density: 0.376263   ASA_A^2: 699.237 ASA_m^2/cm^3: 1451.51 ASA_m^2/g: 3857.7 NASA_A^2: 1.29918 NASA_m^2/cm^3: 2.6969 NASA_m^2/g: 7.16758
Number_of_channels: 1 Channel_surface_area_A^2: 699.237  
Number_of_pockets: 4 Pocket_surface_area_A^2: 0.105683  0.423313  0.770185  0  
