@ /home/liuhaoyu/code/rnd_1/cofs/303/T3_303_NH2_CH3_H_H-L2_208_CHO_H_H-HCB_A-AA.sa Unitcell_volume: 5990.95   Density: 0.312503   ASA_A^2: 782.364 ASA_m^2/cm^3: 1305.91 ASA_m^2/g: 4178.88 NASA_A^2: 1.40116 NASA_m^2/cm^3: 2.33879 NASA_m^2/g: 7.48406
Number_of_channels: 1 Channel_surface_area_A^2: 782.364  
Number_of_pockets: 7 Pocket_surface_area_A^2: 0  0.744069  0  0.657087  0  0  0  
