@ /home/liuhaoyu/code/rnd_1/cofs/303/T3_303_NH2_EPO_H_H-L2_212_CHO_H_H-HCB_A-AA.sa Unitcell_volume: 6095.41   Density: 0.368192   ASA_A^2: 851.156 ASA_m^2/cm^3: 1396.39 ASA_m^2/g: 3792.56 NASA_A^2: 7.45331 NASA_m^2/cm^3: 12.2277 NASA_m^2/g: 33.2102
Number_of_channels: 1 Channel_surface_area_A^2: 851.156  
Number_of_pockets: 19 Pocket_surface_area_A^2: 0.105683  1.16304  0  0  0.686941  0.475574  0.581257  0.0528416  0.636215  0.31705  0  0.475574  0  0.581257  0.792624  0.475574  0.792624  0.31705  0  
