@ /home/liuhaoyu/code/rnd_1/cofs/303/T3_303_NH2_EPO_H_H-L2_212_CHO_H_H-HCB_A-AA.vol Unitcell_volume: 6095.41   Density: 0.368192   AV_A^3: 3629.45 AV_Volume_fraction: 0.59544 AV_cm^3/g: 1.6172 NAV_A^3: 0.243816 NAV_Volume_fraction: 4e-05 NAV_cm^3/g: 0.000108639
Number_of_channels: 1 Channel_volume_A^3: 3629.45  
Number_of_pockets: 19 Pocket_volume_A^3: 0  0  0  0  0  0  0  0  0  0  0  0  0  0.121908  0  0.121908  0  0  0  
