@ /home/liuhaoyu/code/rnd_1/cofs/303/T3_303_NH2_EPO_H_H-L2_206_CHO_H_H-HCB_A-AA.sa Unitcell_volume: 4881.25   Density: 0.390392   ASA_A^2: 704.338 ASA_m^2/cm^3: 1442.95 ASA_m^2/g: 3696.15 NASA_A^2: 2.21087 NASA_m^2/cm^3: 4.52931 NASA_m^2/g: 11.6019
Number_of_channels: 1 Channel_surface_area_A^2: 704.338  
Number_of_pockets: 16 Pocket_surface_area_A^2: 0.475574  0.480339  0  0  0  0  0  0.83222  0.369891  0  0  0.0528416  0  0  0  0  
