@ /home/liuhaoyu/code/rnd_1/cofs/303/T3_303_NH2_EPO_H_H-L2_208_CHO_H_H-HCB_A-AA.sa Unitcell_volume: 6070.46   Density: 0.323734   ASA_A^2: 805.923 ASA_m^2/cm^3: 1327.62 ASA_m^2/g: 4100.95 NASA_A^2: 2.63201 NASA_m^2/cm^3: 4.33577 NASA_m^2/g: 13.393
Number_of_channels: 1 Channel_surface_area_A^2: 805.923  
Number_of_pockets: 15 Pocket_surface_area_A^2: 0.105683  1.20953  0  0  0  0  0.0528416  0.682701  0.31705  0  0  0  0.211366  0.0528416  0  
