@ /home/liuhaoyu/code/rnd_1/cofs/303/T3_303_NH2_OMe_H_H-L2_210_CHO_H_H-HCB_A-AA.sa Unitcell_volume: 3806.17   Density: 0.410175   ASA_A^2: 587.473 ASA_m^2/cm^3: 1543.47 ASA_m^2/g: 3762.97 NASA_A^2: 0.475574 NASA_m^2/cm^3: 1.24948 NASA_m^2/g: 3.04622
Number_of_channels: 1 Channel_surface_area_A^2: 587.473  
Number_of_pockets: 5 Pocket_surface_area_A^2: 0.0528416  0.105683  0  0.0528416  0.264208  
