@ /home/liuhaoyu/code/rnd_1/cofs/303/T3_303_NH2_EPO_H_H-L2_216_CHO_H_H-HCB_A-AA.sa Unitcell_volume: 3897.84   Density: 0.412025   ASA_A^2: 613.501 ASA_m^2/cm^3: 1573.95 ASA_m^2/g: 3820.04 NASA_A^2: 4.55148 NASA_m^2/cm^3: 11.6769 NASA_m^2/g: 28.3404
Number_of_channels: 1 Channel_surface_area_A^2: 613.501  
Number_of_pockets: 13 Pocket_surface_area_A^2: 0.475574  0.403664  0  0  0.998665  0  0.987973  0.369891  0  0  0.84014  0.475574  0  
