@ /home/liuhaoyu/code/rnd_1/cofs/303/T3_303_NH2_CH3_H_H-L2_205_CHO_H_H-HCB_A-AA.sa Unitcell_volume: 4858.77   Density: 0.360692   ASA_A^2: 702.029 ASA_m^2/cm^3: 1444.87 ASA_m^2/g: 4005.83 NASA_A^2: 2.03896 NASA_m^2/cm^3: 4.19646 NASA_m^2/g: 11.6345
Number_of_channels: 1 Channel_surface_area_A^2: 702.029  
Number_of_pockets: 10 Pocket_surface_area_A^2: 0  0.687521  0.0528416  0.158525  0.770185  0  0.0528416  0.158525  0.105683  0.0528416  
