@ /home/liuhaoyu/code/rnd_1/cofs/303/T3_303_NH2_EPO_H_H-L2_215_CHO_H_H-HCB_A-AA.sa Unitcell_volume: 3897.84   Density: 0.412025   ASA_A^2: 605.332 ASA_m^2/cm^3: 1553 ASA_m^2/g: 3769.17 NASA_A^2: 4.40361 NASA_m^2/cm^3: 11.2976 NASA_m^2/g: 27.4196
Number_of_channels: 1 Channel_surface_area_A^2: 605.332  
Number_of_pockets: 13 Pocket_surface_area_A^2: 0.475574  0.403664  0  0  0.792624  0  0.987973  0.369891  0  0  0.528416  0.845465  0  
