@ /home/liuhaoyu/code/rnd_1/cofs/303/T3_303_NH2_CH3_H_H-L2_211_CHO_H_H-HCB_A-AA.sa Unitcell_volume: 3846.79   Density: 0.465945   ASA_A^2: 622.098 ASA_m^2/cm^3: 1617.19 ASA_m^2/g: 3470.77 NASA_A^2: 1.98612 NASA_m^2/cm^3: 5.16307 NASA_m^2/g: 11.0808
Number_of_channels: 1 Channel_surface_area_A^2: 622.098  
Number_of_pockets: 7 Pocket_surface_area_A^2: 0.105683  0.423313  0.264208  0.770185  0  0.264208  0.158525  
