@ /home/liuhaoyu/code/rnd_1/cofs/303/T3_303_NH2_OMe_H_H-L2_213_CHO_H_H-HCB_A-AA.sa Unitcell_volume: 5034.51   Density: 0.359633   ASA_A^2: 685.073 ASA_m^2/cm^3: 1360.75 ASA_m^2/g: 3783.73 NASA_A^2: 0.898307 NASA_m^2/cm^3: 1.7843 NASA_m^2/g: 4.96145
Number_of_channels: 1 Channel_surface_area_A^2: 685.073  
Number_of_pockets: 8 Pocket_surface_area_A^2: 0  0.0528416  0.31705  0  0.158525  0.211366  0.105683  0.0528416  
