@ /home/liuhaoyu/code/rnd_1/cofs/303/T3_303_NH2_CH3_H_H-L2_203_CHO_H_H-HCB_A-AA.sa Unitcell_volume: 5990.95   Density: 0.317458   ASA_A^2: 789.167 ASA_m^2/cm^3: 1317.27 ASA_m^2/g: 4149.41 NASA_A^2: 1.35944 NASA_m^2/cm^3: 2.26915 NASA_m^2/g: 7.14786
Number_of_channels: 1 Channel_surface_area_A^2: 789.167  
Number_of_pockets: 7 Pocket_surface_area_A^2: 0.105683  0.487275  0.158525  0.555111  0  0  0.0528416  
