@ /home/liuhaoyu/code/rnd_1/cofs/303/T3_303_NH2_EPO_H_H-L2_204_CHO-HCB_A-AA.sa Unitcell_volume: 2545.1   Density: 0.478202   ASA_A^2: 459.16 ASA_m^2/cm^3: 1804.09 ASA_m^2/g: 3772.66 NASA_A^2: 2.20398 NASA_m^2/cm^3: 8.65969 NASA_m^2/g: 18.1089
Number_of_channels: 1 Channel_surface_area_A^2: 459.16  
Number_of_pockets: 10 Pocket_surface_area_A^2: 0.211366  0.839635  0  0  0  0.994452  0.158525  0  0  0  
