@ /home/liuhaoyu/code/rnd_1/cofs/303/T3_303_NH2_CH3_H_H-L2_215_CHO_H_H-HCB_A-AA.sa Unitcell_volume: 3846.79   Density: 0.393311   ASA_A^2: 594.938 ASA_m^2/cm^3: 1546.58 ASA_m^2/g: 3932.22 NASA_A^2: 2.41256 NASA_m^2/cm^3: 6.27163 NASA_m^2/g: 15.9457
Number_of_channels: 1 Channel_surface_area_A^2: 594.938  
Number_of_pockets: 7 Pocket_surface_area_A^2: 0.105683  0.592959  0.211366  0.657087  0  0.634099  0.211366  
