@ /home/liuhaoyu/code/rnd_1/cofs/303/T3_303_NH2_EPO_H_H-L2_202_CHO_H_H-HCB_A-AA.vol Unitcell_volume: 3988.48   Density: 0.400193   AV_A^3: 2232.27 AV_Volume_fraction: 0.55968 AV_cm^3/g: 1.39852 NAV_A^3: 0.239309 NAV_Volume_fraction: 6e-05 NAV_cm^3/g: 0.000149927
Number_of_channels: 1 Channel_volume_A^3: 2232.27  
Number_of_pockets: 13 Pocket_volume_A^3: 0.0797696  0  0  0  0  0  0.0797696  0  0  0  0.0797696  0  0  
