@ /home/liuhaoyu/code/rnd_1/cofs/303/T3_303_NH2_CH3_H_H-L2_204_CHO-HCB_A-AA.sa Unitcell_volume: 2511.77   Density: 0.447513   ASA_A^2: 449.628 ASA_m^2/cm^3: 1790.08 ASA_m^2/g: 4000.07 NASA_A^2: 1.09894 NASA_m^2/cm^3: 4.37514 NASA_m^2/g: 9.77658
Number_of_channels: 1 Channel_surface_area_A^2: 449.628  
Number_of_pockets: 4 Pocket_surface_area_A^2: 0.0528416  0.483568  0.562525  0  
