@ /home/liuhaoyu/code/rnd_1/cofs/303/T3_303_NH2_CH3_H_H-L2_204_CHO-HCB_A-AA.vol Unitcell_volume: 2511.77   Density: 0.447513   AV_A^3: 1263.22 AV_Volume_fraction: 0.50292 AV_cm^3/g: 1.12381 NAV_A^3: 0.0502354 NAV_Volume_fraction: 2e-05 NAV_cm^3/g: 4.46915e-05
Number_of_channels: 1 Channel_volume_A^3: 1263.22  
Number_of_pockets: 4 Pocket_volume_A^3: 0  0.0502354  0  0  
