@ /home/liuhaoyu/code/rnd_1/cofs/303/T3_303_NH2_CH3_H_H-L2_212_CHO_H_H-HCB_A-AA.sa Unitcell_volume: 6015.58   Density: 0.357614   ASA_A^2: 823.413 ASA_m^2/cm^3: 1368.8 ASA_m^2/g: 3827.59 NASA_A^2: 3.89213 NASA_m^2/cm^3: 6.47007 NASA_m^2/g: 18.0923
Number_of_channels: 1 Channel_surface_area_A^2: 823.413  
Number_of_pockets: 13 Pocket_surface_area_A^2: 0  0.687521  0.369891  0.528416  0.105683  0.826733  0  0.105683  0.264208  0.264208  0.31705  0.105683  0.31705  
