@ /home/liuhaoyu/code/rnd_1/cofs/303/T3_303_NH2_EPO_H_H-L2_214_CHO_H_H-HCB_A-AA.sa Unitcell_volume: 3897.84   Density: 0.412025   ASA_A^2: 604.995 ASA_m^2/cm^3: 1552.13 ASA_m^2/g: 3767.08 NASA_A^2: 6.199 NASA_m^2/cm^3: 15.9037 NASA_m^2/g: 38.5988
Number_of_channels: 1 Channel_surface_area_A^2: 604.995  
Number_of_pockets: 13 Pocket_surface_area_A^2: 0.475574  0.403664  0  0  1.11991  0  0.987973  0.369891  0  0  1.45786  1.38412  0  
