@ /home/liuhaoyu/code/rnd_1/cofs/303/T3_303_NH2_OMe_H_H-L2_214_CHO_H_H-HCB_A-AA.sa Unitcell_volume: 3806.17   Density: 0.411468   ASA_A^2: 587.854 ASA_m^2/cm^3: 1544.47 ASA_m^2/g: 3753.57 NASA_A^2: 1.28909 NASA_m^2/cm^3: 3.38684 NASA_m^2/g: 8.23112
Number_of_channels: 1 Channel_surface_area_A^2: 587.854  
Number_of_pockets: 5 Pocket_surface_area_A^2: 0  0.406758  0  0.570607  0.311725  
