@ /home/liuhaoyu/code/rnd_1/cofs/303/T3_303_NH2_EPO_H_H-L2_214_CHO_H_H-HCB_A-AA.vol Unitcell_volume: 3897.84   Density: 0.412025   AV_A^3: 2177.95 AV_Volume_fraction: 0.55876 AV_cm^3/g: 1.35613 NAV_A^3: 0.389784 NAV_Volume_fraction: 0.0001 NAV_cm^3/g: 0.000242704
Number_of_channels: 1 Channel_volume_A^3: 2177.95  
Number_of_pockets: 13 Pocket_volume_A^3: 0.0779567  0  0  0  0  0  0  0  0  0  0.155913  0.155913  0  
