@ /home/liuhaoyu/code/rnd_1/cofs/303/T3_303_NH2_OMe_H_H-L2_214_CHO_H_H-HCB_A-AA.vol Unitcell_volume: 3806.17   Density: 0.411468   AV_A^3: 2138.16 AV_Volume_fraction: 0.56176 AV_cm^3/g: 1.36526 NAV_A^3: 0.22837 NAV_Volume_fraction: 6e-05 NAV_cm^3/g: 0.000145819
Number_of_channels: 1 Channel_volume_A^3: 2138.16  
Number_of_pockets: 5 Pocket_volume_A^3: 0  0  0  0.152247  0.0761234  
