@ /home/liuhaoyu/code/rnd_1/cofs/303/T3_303_NH2_CH3_H_H-L2_202_CHO_H_H-HCB_A-AA.vol Unitcell_volume: 3936.24   Density: 0.381872   AV_A^3: 2242.32 AV_Volume_fraction: 0.56966 AV_cm^3/g: 1.49176 NAV_A^3: 0.0787249 NAV_Volume_fraction: 2e-05 NAV_cm^3/g: 5.23736e-05
Number_of_channels: 1 Channel_volume_A^3: 2242.32  
Number_of_pockets: 7 Pocket_volume_A^3: 0  0  0  0.0787249  0  0  0  
