@ /home/liuhaoyu/code/rnd_1/cofs/303/T3_303_NH2_CHO_H_H-L2_210_CHO_H_H-HCB_A-AA.sa Unitcell_volume: 3383.33   Density: 0.459458   ASA_A^2: 459.755 ASA_m^2/cm^3: 1358.88 ASA_m^2/g: 2957.57 NASA_A^2: 0.139457 NASA_m^2/cm^3: 0.412187 NASA_m^2/g: 0.897115
Number_of_channels: 1 Channel_surface_area_A^2: 459.755  
Number_of_pockets: 1 Pocket_surface_area_A^2: 0.139457  
