@ /home/liuhaoyu/code/rnd_1/cofs/303/T3_303_NH2_EPO_H_H-L2_201_CHO_H_H-HCB_A-AA.vol Unitcell_volume: 6109.62   Density: 0.35433   AV_A^3: 3891.34 AV_Volume_fraction: 0.63692 AV_cm^3/g: 1.79753 NAV_A^3: 0.122192 NAV_Volume_fraction: 2e-05 NAV_cm^3/g: 5.64445e-05
Number_of_channels: 1 Channel_volume_A^3: 3891.34  
Number_of_pockets: 19 Pocket_volume_A^3: 0  0  0  0  0  0  0  0  0  0  0  0  0  0  0.122192  0  0  0  0  
