@ /home/liuhaoyu/code/rnd_1/cofs/303/T3_303_NH2_OMe_H_H-L2_217_CHO_H_H-HCB_A-AA.sa Unitcell_volume: 5952.07   Density: 0.345264   ASA_A^2: 785.941 ASA_m^2/cm^3: 1320.45 ASA_m^2/g: 3824.47 NASA_A^2: 1.32104 NASA_m^2/cm^3: 2.21946 NASA_m^2/g: 6.42831
Number_of_channels: 1 Channel_surface_area_A^2: 785.941  
Number_of_pockets: 11 Pocket_surface_area_A^2: 0  0.211366  0.105683  0.105683  0  0.158525  0.158525  0.264208  0.105683  0.0528416  0.158525  
