@ /home/liuhaoyu/code/rnd_1/cofs/HXL/H6_HECO_NH2_H_H_H-L2_211_CHO_H_H-HXL_A-AA.sa Unitcell_volume: 1395.22   Density: 1.28681   ASA_A^2: 165.754 ASA_m^2/cm^3: 1188.02 ASA_m^2/g: 923.229 NASA_A^2: 9.09705 NASA_m^2/cm^3: 65.2016 NASA_m^2/g: 50.6694
Number_of_channels: 2 Channel_surface_area_A^2: 100.07  65.6842  
Number_of_pockets: 1 Pocket_surface_area_A^2: 9.09705  
