@ /home/liuhaoyu/code/rnd_1/cofs/HXL/H6_HECO_NH2_H_H_H-L2_211_CHO_H_H-HXL_A-AA.vol Unitcell_volume: 1395.22   Density: 1.28681   AV_A^3: 81.3692 AV_Volume_fraction: 0.05832 AV_cm^3/g: 0.0453215 NAV_A^3: 1.2557 NAV_Volume_fraction: 0.0009 NAV_cm^3/g: 0.000699407
Number_of_channels: 2 Channel_volume_A^3: 56.9807  24.3884  
Number_of_pockets: 1 Pocket_volume_A^3: 1.2557  
